-0.0523679	-0.1162295	0.9918409
-0.01167055	-0.06854242	0.9975799
-0.02805556	-0.04025046	0.9987957
0.2973114	-0.006274402	0.9547599
0.2156062	-0.03880284	0.9757091
0.4316775	0.04853768	0.9007212
0.4872766	-0.02511977	0.8728863
-0.3947289	-0.03051891	0.9182906
-0.371811	0.1483625	0.9163761
0.1558992	0.04641603	0.9866818
-0.278975	-0.03847145	0.9595274
0.3950656	0.06130651	0.916605
0.3791561	0.05383822	0.9237652
-0.3440629	-0.03408564	0.9383277
0.1088742	0.06318678	0.9920453
-0.2659886	0.1024115	0.9585207
-0.2025788	-0.01472377	0.9791553
-0.08795003	0.06047112	0.9942877
0.02936949	-0.07283943	0.9969112
0.04313712	0.0005328338	0.999069
-0.007496553	-0.07538145	0.9971266
0.01829546	0.08774889	0.9959746
0.13911	0.05267045	0.9888752
-0.004010693	-0.09270651	0.9956854
-0.4006717	-0.01214035	0.9161412
-0.001550925	-0.08539037	0.9963464
0.3056457	0.06753395	0.9497473
-0.09403184	0.05257111	0.9941802
-0.4267767	-0.04692814	0.9031387
-0.4542356	-0.03724242	0.8901028
0.1271402	-0.04727763	0.9907574
-0.2581743	-0.08134731	0.9626675
-0.2425773	-0.0370133	0.9694257
0.0927942	0.07106813	0.9931458
-0.1633966	-0.06935837	0.9841194
-0.6213499	-0.08159552	0.7792731
-0.2993009	-0.005495737	0.954143
0.0377181	-0.07378114	0.9965609
0.497975	0.09354722	0.862131
0.25	-0.003576187	0.9682392
0.3564819	0.06224289	0.9322266
-0.2695012	-0.08021307	0.9596536
0.01677188	-0.04496736	0.9988477
0.2336016	-0.04735792	0.9711784
-0.3063616	0.01175932	0.9518426
-0.3134195	-0.0167184	0.9494676
0.001192545	-0.1074369	0.9942112
-0.2652772	-0.07123899	0.9615368
-0.2530682	0.04291015	0.9664964
-0.1848502	0.1305838	0.9740525
-0.04852156	-0.08059617	0.9955651
0.219881	-0.02024529	0.9753166
0.11867	0.04002032	0.9921269
-0.3442937	0.1651475	0.924223
0.2106505	0.07391017	0.9747634
-0.06994724	-0.1234493	0.9898826
-0.1453541	-0.0150757	0.9892648
0.2081099	0.04080447	0.9772539
0.4416286	-0.09272632	0.8923934
0.436833	-0.003124968	0.8995372
-0.1461749	-0.01391928	0.9891608
0.04664862	0.0006135204	0.9989112
-0.06910997	0.02071019	0.9973941
0.2364858	0.0545314	0.9701035
0.415908	-0.01231964	0.9093233
0.07856375	-0.02769253	0.9965244
0.07891408	-0.09951591	0.9919018
-0.2156983	-0.000236182	0.97646
0.09916299	-0.01137782	0.9950062
0.1466993	-0.1332574	0.9801642
0.2919569	0.1282398	0.9477952
-0.1618987	-0.121129	0.979345
-0.2734218	0.05904483	0.9600803
-0.4286048	-0.0479397	0.9022193
0.2409758	0.07425113	0.9676866
0.0924173	-0.1352796	0.9864879
-0.001360404	-0.004908736	0.999987
0.2069143	0.1175986	0.9712657
-0.28588	-0.09768518	0.9532734
-0.4285499	-0.07705859	0.900226
0.002283081	0.04749768	0.9988687
-0.2616837	-0.1439535	0.9543579
-0.3385303	-0.006433666	0.9409335
0.09407084	-0.1016764	0.9903598
-0.02746197	-0.02895361	0.9992034
0.2328669	-0.1363458	0.9629033
-0.2769048	0.06117451	0.9589481
0.5078627	0.103438	0.8552053
-0.04488213	-0.04422678	0.9980128
-0.2550308	-0.01976981	0.9667308
0.3632984	0.02986881	0.9311939
-0.296659	0.08455088	0.9512332
-0.2528747	0.04993945	0.9662093
0.4878085	0.06526027	0.8705079
0.4179611	0.03679817	0.9077193
0.07388257	0.04739775	0.99614
0.2181879	0.09663902	0.9711102
0.2707633	0.0841118	0.9589643
-0.008171439	0.136132	0.990657
-0.0422115	-0.08257686	0.9956903
