     0.047    -0.992    -0.119
     0.290    -0.914    -0.285
     0.158    -0.987    -0.034
     0.127    -0.989    -0.076
     0.173    -0.973    -0.152
     0.130    -0.986    -0.106
     0.149    -0.988     0.043
     0.228    -0.953    -0.202
     0.027    -1.000    -0.013
     0.247    -0.969    -0.027
     0.124    -0.992     0.001
     0.102    -0.987    -0.126
     0.146    -0.976    -0.161
    -0.007    -0.991    -0.135
     0.247    -0.969    -0.004
     0.132    -0.986    -0.099
     0.037    -0.977     0.208
     0.143    -0.973    -0.182
     0.230    -0.972     0.043
     0.079    -0.995    -0.053
     0.266    -0.947    -0.182
     0.120    -0.970    -0.213
     0.237    -0.957    -0.169
     0.050    -0.974    -0.221
     0.164    -0.946    -0.281
     0.286    -0.958    -0.022
     0.063    -0.998    -0.023
     0.234    -0.964     0.130
     0.089    -0.996    -0.022
    -0.122    -0.976    -0.182
     0.212    -0.975     0.065
     0.299    -0.952    -0.073
     0.004    -0.996     0.089
     0.032    -0.998    -0.050
     0.093    -0.993    -0.073
     0.221    -0.975    -0.006
     0.334    -0.939     0.082
     0.193    -0.967    -0.169
     0.276    -0.954    -0.114
     0.031    -0.995    -0.098
     0.229    -0.959    -0.169
     0.158    -0.984     0.084
     0.200    -0.980    -0.016
     0.073    -0.994    -0.082
     0.183    -0.978    -0.098
     0.189    -0.971     0.146
     0.295    -0.948     0.121
     0.196    -0.980    -0.036
     0.335    -0.933    -0.133
     0.127    -0.989     0.078
     0.054    -0.990    -0.128
     0.226    -0.862    -0.453
     0.388    -0.918    -0.082
     0.089    -0.996    -0.011
    -0.050    -0.996     0.068
     0.125    -0.959    -0.254
     0.070    -0.997    -0.025
     0.259    -0.945    -0.199
     0.264    -0.955    -0.134
     0.377    -0.863    -0.337
     0.151    -0.987    -0.047
     0.384    -0.921     0.057
     0.323    -0.863    -0.388
     0.176    -0.962    -0.209
     0.016    -0.994    -0.106
     0.079    -0.993     0.091
     0.345    -0.904    -0.252
     0.127    -0.986    -0.110
     0.309    -0.950     0.056
     0.186    -0.971    -0.152
     0.316    -0.925     0.213
     0.306    -0.943    -0.132
     0.450    -0.893    -0.006
     0.090    -0.982     0.168
     0.044    -0.999    -0.015
     0.184    -0.978    -0.094
    -0.129    -0.987    -0.091
     0.116    -0.989    -0.088
     0.232    -0.968    -0.097
    -0.155    -0.985     0.075
     0.316    -0.914    -0.256
     0.087    -0.995    -0.054
     0.176    -0.984    -0.037
     0.201    -0.971    -0.127
     0.378    -0.890    -0.254
     0.084    -0.989    -0.122
     0.121    -0.990    -0.069
     0.140    -0.990     0.008
     0.067    -0.998    -0.012
    -0.045    -0.996     0.081
     0.258    -0.963     0.074
     0.250    -0.922    -0.294
     0.027    -0.999    -0.030
     0.208    -0.976    -0.070
     0.035    -0.994    -0.106
     0.372    -0.926    -0.063
     0.164    -0.986    -0.038
    -0.034    -0.997     0.071
     0.043    -0.983    -0.178
     0.065    -0.997     0.047
     0.185    -0.982    -0.028
     0.199    -0.910    -0.364
     0.123    -0.980     0.155
     0.258    -0.953     0.161
     0.239    -0.971    -0.033
     0.136    -0.975    -0.178
     0.331    -0.941    -0.069
    -0.034    -0.990    -0.136
     0.136    -0.976     0.172
     0.421    -0.866    -0.270
     0.328    -0.941    -0.081
     0.288    -0.957     0.043
     0.023    -0.994     0.105
     0.237    -0.970     0.057
     0.342    -0.926    -0.159
     0.181    -0.982     0.057
     0.163    -0.960    -0.228
    -0.010    -1.000     0.025
     0.015    -0.996    -0.089
     0.182    -0.983    -0.038
     0.300    -0.881    -0.366
     0.021    -0.952    -0.304
     0.308    -0.946    -0.102
     0.159    -0.987     0.017
    -0.076    -0.961    -0.267
     0.022    -0.998    -0.052
     0.164    -0.968     0.191
     0.217    -0.970    -0.106
     0.290    -0.941    -0.174
     0.285    -0.934    -0.216
     0.185    -0.959     0.213
     0.245    -0.969    -0.039
     0.052    -0.986    -0.157
    -0.242    -0.968    -0.065
     0.188    -0.982     0.019
     0.041    -0.972    -0.233
     0.187    -0.982    -0.005
     0.222    -0.973     0.069
     0.177    -0.984    -0.038
     0.022    -1.000    -0.013
     0.448    -0.892     0.062
     0.256    -0.964     0.076
     0.106    -0.991    -0.079
    -0.016    -0.998     0.057
     0.128    -0.990     0.051
     0.015    -1.000    -0.008
     0.139    -0.986    -0.090
     0.335    -0.942    -0.018
     0.228    -0.964    -0.133
     0.294    -0.951     0.097
     0.268    -0.947     0.177
     0.130    -0.984    -0.124
     0.170    -0.983    -0.065
     0.259    -0.966     0.028
     0.338    -0.928    -0.157
     0.100    -0.995    -0.003
     0.035    -0.988    -0.151
     0.241    -0.969     0.047
     0.163    -0.982     0.091
     0.059    -0.998    -0.034
     0.236    -0.970    -0.063
     0.136    -0.989    -0.056
     0.117    -0.992    -0.056
    -0.026    -0.984    -0.177
     0.313    -0.945    -0.094
     0.129    -0.981    -0.146
     0.200    -0.970     0.136
     0.237    -0.971     0.028
     0.204    -0.973    -0.110
     0.126    -0.992    -0.029
     0.008    -0.989    -0.145
     0.299    -0.940    -0.162
    -0.019    -0.994    -0.109
     0.342    -0.936     0.086
     0.136    -0.989     0.066
     0.223    -0.961    -0.164
    -0.035    -0.993    -0.112
     0.273    -0.952    -0.138
     0.243    -0.956    -0.165
    -0.002    -0.996     0.089
     0.221    -0.974    -0.052
     0.234    -0.971    -0.052
     0.279    -0.960    -0.035
     0.236    -0.924    -0.300
     0.314    -0.945     0.089
     0.389    -0.908    -0.154
     0.270    -0.953     0.139
     0.108    -0.963    -0.245
     0.407    -0.911     0.067
     0.017    -0.999     0.036
     0.224    -0.974     0.017
     0.428    -0.903     0.031
     0.275    -0.945    -0.177
     0.036    -0.983    -0.183
     0.012    -0.978    -0.206
     0.202    -0.970    -0.138
     0.127    -0.986     0.113
     0.218    -0.963    -0.158
     0.343    -0.931    -0.125
     0.236    -0.972     0.006
     0.193    -0.980     0.042
     0.063    -0.996    -0.065
     0.303    -0.951    -0.058
     0.166    -0.983    -0.083
     0.106    -0.989    -0.105
     0.151    -0.987     0.048
     0.104    -0.991    -0.082
     0.398    -0.901     0.175
     0.234    -0.971     0.046
     0.063    -0.997     0.032
     0.069    -0.996    -0.055
     0.291    -0.942     0.166
    -0.036    -0.993     0.112
     0.052    -0.996    -0.067
     0.341    -0.932    -0.118
     0.017    -0.998    -0.056
     0.035    -0.999     0.003
     0.214    -0.976    -0.024
     0.217    -0.975     0.050
    -0.055    -0.998    -0.043
    -0.046    -0.997    -0.057
     0.130    -0.991     0.030
     0.000    -0.996    -0.084
    -0.011    -0.984     0.177
     0.235    -0.967    -0.098
     0.203    -0.979    -0.024
     0.184    -0.982    -0.038
     0.210    -0.976     0.048
     0.430    -0.888    -0.165
     0.321    -0.947     0.029
     0.149    -0.989     0.005
     0.231    -0.973     0.013
     0.146    -0.987    -0.071
     0.148    -0.988     0.041
     0.219    -0.968    -0.126
     0.218    -0.976     0.013
    -0.014    -0.994    -0.108
     0.067    -0.997     0.022
     0.152    -0.972     0.178
     0.106    -0.974    -0.198
     0.178    -0.942    -0.285
     0.114    -0.889    -0.443
     0.306    -0.901    -0.306
     0.290    -0.954     0.079
     0.175    -0.984    -0.015
     0.190    -0.932    -0.309
     0.035    -0.984    -0.172
     0.140    -0.986    -0.095
     0.206    -0.972    -0.109
     0.196    -0.950    -0.242
     0.348    -0.932     0.102
     0.018    -0.984     0.177
     0.280    -0.960     0.000
     0.026    -0.981    -0.190
     0.150    -0.984    -0.096
     0.393    -0.915    -0.088
     0.146    -0.964    -0.221
     0.226    -0.951    -0.211
     0.192    -0.981    -0.027
     0.084    -0.980    -0.181
     0.181    -0.981    -0.073
     0.106    -0.994    -0.032
     0.189    -0.958    -0.216
     0.004    -1.000     0.015
     0.091    -0.958    -0.271
    -0.015    -0.976    -0.218
     0.118    -0.989    -0.084
     0.198    -0.972     0.126
     0.415    -0.907    -0.073
     0.232    -0.947    -0.225
     0.273    -0.951    -0.147
     0.148    -0.960    -0.237
     0.119    -0.990    -0.070
     0.129    -0.970    -0.204
     0.236    -0.959    -0.154
     0.159    -0.969    -0.190
    -0.116    -0.993     0.008
     0.006    -1.000    -0.005
     0.056    -0.996     0.064
     0.136    -0.990     0.031
     0.230    -0.952     0.201
     0.002    -1.000    -0.022
     0.100    -0.986    -0.130
     0.139    -0.978     0.154
     0.247    -0.969    -0.024
     0.128    -0.985     0.112
     0.181    -0.981     0.069
     0.180    -0.976    -0.120
     0.267    -0.964    -0.003
    -0.079    -0.977     0.197
     0.030    -0.999     0.014
     0.428    -0.889    -0.161
     0.189    -0.970    -0.151
     0.276    -0.943     0.184
     0.013    -0.991     0.132
     0.082    -0.996    -0.043
     0.197    -0.950    -0.243
     0.347    -0.921    -0.176
     0.107    -0.978    -0.178
     0.167    -0.947    -0.276
     0.132    -0.974    -0.183
     0.066    -0.993    -0.094
     0.149    -0.987    -0.057
     0.199    -0.973     0.113
     0.171    -0.985     0.010
     0.090    -0.986     0.139
     0.278    -0.955    -0.099
     0.118    -0.975    -0.186
     0.165    -0.980    -0.111
     0.103    -0.983     0.151
     0.391    -0.916    -0.088
     0.264    -0.959    -0.102
     0.162    -0.967    -0.197
    -0.088    -0.972    -0.219
     0.208    -0.977     0.041
     0.193    -0.970    -0.149
     0.285    -0.936    -0.207
     0.098    -0.995    -0.013
     0.048    -0.993    -0.110
     0.216    -0.973    -0.085
     0.174    -0.970    -0.170
     0.309    -0.947    -0.088
     0.258    -0.948    -0.187
    -0.181    -0.975    -0.128
     0.271    -0.961     0.055
     0.235    -0.964     0.127
     0.347    -0.935    -0.076
     0.302    -0.939    -0.166
     0.224    -0.974    -0.026
     0.053    -0.977    -0.205
     0.022    -0.976    -0.216
     0.203    -0.933    -0.297
     0.230    -0.971     0.072
     0.304    -0.952     0.027
     0.275    -0.959    -0.072
    -0.070    -0.993     0.095
     0.080    -0.997     0.022
     0.269    -0.955    -0.124
     0.186    -0.981    -0.050
     0.379    -0.918     0.114
     0.194    -0.981     0.010
     0.345    -0.939    -0.003
     0.489    -0.873    -0.005
     0.254    -0.961    -0.107
     0.029    -0.981    -0.191
     0.231    -0.965     0.128
     0.161    -0.983    -0.083
     0.016    -1.000    -0.027
     0.047    -0.990    -0.133
     0.168    -0.980     0.110
    -0.001    -0.994     0.108
     0.128    -0.992     0.012
     0.265    -0.921     0.285
     0.197    -0.979     0.054
     0.179    -0.981    -0.076
     0.107    -0.991     0.076
     0.092    -0.996     0.006
     0.214    -0.963    -0.166
     0.240    -0.958     0.158
    -0.081    -0.997     0.008
     0.047    -0.999    -0.017
     0.221    -0.956    -0.195
     0.196    -0.976     0.089
    -0.165    -0.934    -0.317
     0.227    -0.967    -0.113
     0.266    -0.947     0.180
     0.206    -0.977    -0.060
     0.169    -0.986     0.014
     0.240    -0.971    -0.019
     0.347    -0.938     0.026
     0.140    -0.990    -0.014
     0.159    -0.981     0.109
     0.313    -0.948     0.048
     0.049    -0.993     0.109
     0.299    -0.939     0.168
     0.106    -0.960    -0.258
     0.031    -0.996    -0.085
     0.338    -0.889    -0.308
     0.298    -0.944     0.139
     0.355    -0.932     0.080
     0.315    -0.949     0.027
     0.083    -0.994    -0.068
     0.114    -0.993    -0.028
     0.115    -0.940     0.321
     0.090    -0.944    -0.319
     0.168    -0.952     0.256
    -0.021    -0.989    -0.147
     0.216    -0.976    -0.034
     0.198    -0.979    -0.051
     0.165    -0.962    -0.216
    -0.003    -0.997    -0.081
    -0.103    -0.994    -0.022
    -0.153    -0.977    -0.152
     0.148    -0.975    -0.167
     0.303    -0.953     0.007
    -0.024    -0.998     0.054
     0.297    -0.940    -0.168
     0.225    -0.974    -0.039
     0.031    -0.971    -0.239
     0.307    -0.947    -0.100
     0.272    -0.962     0.025
     0.360    -0.928    -0.094
     0.230    -0.965     0.129
     0.268    -0.939     0.217
     0.089    -0.982     0.165
     0.122    -0.992     0.009
     0.275    -0.947    -0.164
     0.224    -0.954    -0.197
     0.286    -0.937     0.202
     0.346    -0.937    -0.038
     0.267    -0.954    -0.136
     0.172    -0.975     0.140
     0.078    -0.995    -0.069
     0.142    -0.989     0.027
     0.097    -0.994    -0.059
     0.212    -0.972     0.105
    -0.040    -0.995    -0.095
     0.182    -0.982    -0.056
     0.152    -0.986     0.070
     0.024    -0.993    -0.116
     0.207    -0.945    -0.255
     0.193    -0.944    -0.268
     0.433    -0.901    -0.020
     0.107    -0.991     0.081
     0.120    -0.991    -0.054
     0.267    -0.964    -0.008
     0.117    -0.959    -0.260
     0.056    -0.995     0.085
     0.268    -0.963     0.031
     0.083    -0.994     0.064
     0.123    -0.988     0.093
     0.190    -0.982     0.018
     0.160    -0.987    -0.034
     0.018    -0.999    -0.038
     0.037    -0.998     0.060
    -0.003    -0.986    -0.164
     0.204    -0.965    -0.165
     0.171    -0.979     0.106
     0.090    -0.996     0.008
     0.209    -0.976    -0.069
     0.169    -0.984     0.055
     0.140    -0.976     0.164
     0.205    -0.977     0.050
     0.162    -0.956    -0.244
     0.107    -0.991    -0.080
     0.106    -0.977    -0.185
     0.350    -0.927    -0.135
     0.342    -0.940     0.011
     0.167    -0.984    -0.068
     0.210    -0.976     0.052
    -0.127    -0.954    -0.272
     0.046    -0.998    -0.047
     0.281    -0.955    -0.098
     0.077    -0.988    -0.133
     0.202    -0.947    -0.249
     0.077    -0.997    -0.004
     0.105    -0.980    -0.169
     0.122    -0.991    -0.054
     0.165    -0.948    -0.271
     0.179    -0.967    -0.179
     0.215    -0.959    -0.186
     0.392    -0.920    -0.014
     0.240    -0.968    -0.080
     0.235    -0.972    -0.014
    -0.007    -0.999    -0.049
     0.100    -0.992     0.076
     0.005    -0.946    -0.324
     0.140    -0.986     0.085
     0.035    -0.994    -0.107
     0.420    -0.908     0.003
     0.175    -0.985    -0.001
     0.173    -0.981    -0.082
     0.143    -0.989     0.043
     0.037    -0.999     0.021
     0.099    -0.993    -0.068
     0.222    -0.958    -0.180
     0.344    -0.938     0.033
    -0.047    -0.999     0.025
     0.339    -0.902    -0.266
     0.197    -0.928    -0.316
     0.095    -0.988    -0.125
     0.124    -0.991    -0.046
     0.179    -0.974     0.137
     0.037    -0.994    -0.102
     0.244    -0.969    -0.039
     0.332    -0.942    -0.053
     0.247    -0.965    -0.089
     0.115    -0.974    -0.196
     0.126    -0.991    -0.052
     0.103    -0.975    -0.196
     0.073    -0.997    -0.025
     0.158    -0.985     0.075
     0.125    -0.976    -0.177
     0.046    -0.998     0.048
     0.045    -0.990     0.135
     0.273    -0.952     0.139
     0.135    -0.980    -0.147
     0.319    -0.945    -0.070
     0.118    -0.992    -0.038
     0.187    -0.976     0.108
     0.441    -0.897    -0.041
     0.046    -0.975    -0.219
     0.275    -0.960    -0.060
     0.118    -0.977     0.180
     0.287    -0.958    -0.025
     0.053    -0.997    -0.061
     0.306    -0.952     0.025
     0.266    -0.964     0.016
     0.265    -0.958    -0.110
     0.301    -0.946    -0.120
     0.270    -0.944    -0.188
     0.118    -0.991    -0.069
     0.006    -0.993     0.119
     0.217    -0.976    -0.032
     0.421    -0.906     0.044
    -0.023    -0.995     0.094
     0.303    -0.953     0.008
     0.210    -0.976    -0.063
     0.218    -0.975    -0.037
     0.098    -0.993    -0.072
     0.101    -0.983    -0.155
     0.090    -0.994    -0.059
     0.183    -0.964    -0.193
     0.126    -0.992     0.016
     0.319    -0.918    -0.237
     0.462    -0.874     0.149
    -0.035    -0.999    -0.041
    -0.045    -0.992    -0.118
     0.236    -0.971    -0.030
     0.228    -0.968    -0.103
     0.172    -0.962    -0.210
     0.328    -0.945     0.005
     0.099    -0.992    -0.076
     0.152    -0.950    -0.273
     0.099    -0.992     0.078
     0.102    -0.991    -0.088
     0.180    -0.983     0.021
     0.088    -0.996     0.004
     0.079    -0.980    -0.181
     0.208    -0.978    -0.014
     0.082    -0.985     0.155
     0.016    -0.998    -0.054
     0.060    -0.979    -0.196
     0.109    -0.982    -0.152
     0.103    -0.991    -0.087
     0.083    -0.963    -0.255
     0.379    -0.925    -0.008
     0.081    -0.987    -0.138
     0.030    -0.963    -0.267
     0.231    -0.973    -0.020
     0.239    -0.971     0.013
     0.151    -0.989     0.000
     0.051    -0.992    -0.115
     0.386    -0.881    -0.274
     0.058    -0.987    -0.153
    -0.010    -0.999     0.040
     0.230    -0.970    -0.078
     0.284    -0.959     0.007
     0.277    -0.956    -0.100
     0.340    -0.939    -0.051
     0.419    -0.901    -0.112
     0.072    -0.959    -0.273
     0.220    -0.975    -0.043
     0.137    -0.989    -0.058
     0.093    -0.996    -0.013
    -0.067    -0.972     0.227
     0.259    -0.965    -0.041
     0.013    -0.978    -0.206
     0.155    -0.971    -0.184
     0.142    -0.984    -0.105
     0.160    -0.970    -0.185
     0.343    -0.939    -0.026
     0.265    -0.962     0.065
    -0.104    -0.969     0.224
     0.130    -0.983    -0.132
     0.141    -0.982    -0.125
     0.298    -0.954    -0.024
     0.081    -0.957    -0.280
     0.137    -0.988     0.067
     0.075    -0.962    -0.264
     0.189    -0.911    -0.365
    -0.008    -0.997     0.071
     0.380    -0.919    -0.107
     0.148    -0.989    -0.015
     0.154    -0.981     0.120
     0.069    -0.993    -0.100
     0.146    -0.974    -0.174
     0.184    -0.983    -0.009
     0.069    -0.985    -0.160
     0.088    -0.982    -0.169
     0.246    -0.956     0.160
     0.069    -0.991    -0.112
     0.104    -0.992     0.076
     0.213    -0.917     0.336
     0.421    -0.907     0.021
     0.124    -0.962    -0.242
     0.072    -0.992    -0.105
     0.380    -0.925     0.031
     0.038    -0.978     0.206
     0.128    -0.986     0.104
     0.150    -0.980    -0.129
     0.432    -0.901     0.026
     0.103    -0.986     0.133
     0.266    -0.936    -0.229
     0.122    -0.992    -0.027
     0.217    -0.973    -0.074
    -0.019    -0.997    -0.070
     0.120    -0.992    -0.036
     0.068    -0.983    -0.172
     0.184    -0.972    -0.149
     0.255    -0.967     0.000
     0.022    -0.997     0.068
     0.215    -0.976     0.017
     0.385    -0.923     0.005
     0.133    -0.980    -0.145
    -0.059    -0.994     0.090
     0.083    -0.990    -0.113
     0.105    -0.994    -0.009
     0.067    -0.990    -0.127
     0.204    -0.978     0.049
     0.363    -0.932    -0.024
     0.170    -0.983    -0.072
     0.172    -0.972    -0.159
     0.132    -0.991     0.005
     0.315    -0.946    -0.077
     0.213    -0.942    -0.261
     0.441    -0.897    -0.002
     0.033    -0.995    -0.090
     0.281    -0.923    -0.265
     0.128    -0.992     0.008
     0.262    -0.903    -0.342
     0.108    -0.992    -0.072
     0.086    -0.996     0.032
     0.482    -0.862     0.157
     0.095    -0.995     0.042
     0.168    -0.982    -0.085
     0.284    -0.958    -0.035
     0.199    -0.974    -0.109
     0.280    -0.951     0.129
     0.096    -0.982    -0.160
    -0.062    -0.970    -0.235
     0.179    -0.966     0.184
     0.243    -0.969    -0.050
     0.167    -0.968    -0.189
     0.159    -0.987     0.020
     0.087    -0.960    -0.265
     0.293    -0.951     0.103
     0.247    -0.951    -0.187
     0.318    -0.948     0.013
     0.142    -0.972    -0.185
     0.256    -0.965    -0.047
     0.286    -0.958     0.008
     0.140    -0.989    -0.056
     0.178    -0.968    -0.179
     0.126    -0.992    -0.028
     0.064    -0.998    -0.018
    -0.001    -0.995    -0.101
     0.084    -0.996    -0.008
     0.339    -0.935    -0.107
     0.152    -0.988    -0.039
     0.147    -0.967    -0.210
     0.167    -0.979    -0.120
     0.344    -0.903    -0.258
     0.248    -0.969    -0.015
     0.215    -0.963    -0.160
     0.201    -0.979     0.046
     0.256    -0.926    -0.277
     0.196    -0.975    -0.107
     0.428    -0.904    -0.010
     0.494    -0.858    -0.141
    -0.008    -0.999    -0.032
     0.079    -0.987    -0.141
     0.171    -0.984    -0.054
     0.120    -0.991    -0.054
     0.013    -0.989     0.145
     0.112    -0.993    -0.037
     0.200    -0.980    -0.013
    -0.034    -0.999    -0.033
     0.158    -0.985     0.068
     0.211    -0.970     0.118
     0.207    -0.978     0.027
     0.155    -0.987     0.054
     0.158    -0.987     0.002
     0.083    -0.983    -0.163
     0.356    -0.934    -0.036
     0.064    -0.975    -0.211
     0.256    -0.966    -0.022
     0.080    -0.993    -0.083
     0.260    -0.965    -0.029
     0.296    -0.954    -0.055
     0.228    -0.967    -0.117
     0.184    -0.940    -0.288
     0.164    -0.980    -0.109
     0.134    -0.941    -0.312
     0.229    -0.957    -0.176
     0.031    -0.995    -0.098
     0.236    -0.967    -0.099
     0.081    -0.985    -0.151
     0.149    -0.988    -0.039
     0.218    -0.972    -0.084
     0.005    -0.990    -0.141
     0.266    -0.926    -0.269
     0.045    -0.995    -0.085
     0.146    -0.928    -0.343
     0.098    -0.970     0.221
     0.322    -0.917    -0.235
     0.267    -0.957     0.113
     0.078    -0.997    -0.015
     0.108    -0.993     0.048
    -0.107    -0.988     0.113
     0.128    -0.987    -0.099
     0.127    -0.990    -0.060
     0.116    -0.983    -0.145
     0.235    -0.964    -0.124
     0.267    -0.963     0.037
     0.066    -0.971    -0.228
     0.067    -0.995    -0.073
     0.248    -0.965     0.089
     0.211    -0.976     0.051
    -0.014    -0.992    -0.124
     0.287    -0.948     0.133
     0.318    -0.948    -0.004
     0.132    -0.990     0.043
     0.438    -0.837    -0.329
     0.186    -0.959    -0.214
     0.407    -0.897     0.171
     0.054    -0.998     0.017
     0.119    -0.981    -0.154
     0.122    -0.929    -0.350
     0.163    -0.873    -0.459
     0.023    -0.988    -0.149
     0.131    -0.987     0.096
     0.130    -0.989    -0.076
     0.217    -0.976    -0.023
     0.283    -0.958    -0.049
     0.204    -0.971    -0.124
     0.351    -0.930    -0.113
     0.300    -0.940     0.165
     0.172    -0.983     0.067
     0.145    -0.983     0.114
     0.119    -0.990    -0.079
     0.247    -0.953    -0.175
     0.168    -0.977    -0.134
     0.201    -0.978     0.049
     0.079    -0.919    -0.386
     0.186    -0.979    -0.083
     0.213    -0.969    -0.122
     0.217    -0.956     0.196
     0.270    -0.961    -0.053
     0.481    -0.877    -0.001
     0.171    -0.962    -0.213
     0.218    -0.976     0.012
     0.270    -0.963    -0.015
     0.239    -0.970    -0.040
     0.416    -0.909    -0.031
     0.248    -0.939    -0.239
     0.230    -0.973     0.020
     0.134    -0.990    -0.037
     0.090    -0.995    -0.050
     0.273    -0.942    -0.195
     0.391    -0.886     0.249
     0.187    -0.981    -0.054
     0.312    -0.945     0.097
     0.060    -0.946    -0.317
     0.210    -0.978    -0.011
     0.341    -0.932     0.126
    -0.078    -0.994    -0.072
     0.247    -0.969    -0.017
     0.167    -0.985    -0.047
     0.134    -0.927    -0.351
     0.108    -0.993     0.048
     0.244    -0.935    -0.258
     0.094    -0.991    -0.095
     0.274    -0.962    -0.011
     0.421    -0.905    -0.059
     0.149    -0.982     0.119
     0.307    -0.939    -0.153
     0.239    -0.953    -0.184
     0.109    -0.993    -0.048
     0.246    -0.962    -0.116
     0.282    -0.931    -0.233
     0.217    -0.968     0.124
     0.253    -0.967    -0.038
     0.283    -0.947    -0.152
     0.177    -0.984     0.027
     0.346    -0.938    -0.012
     0.115    -0.971    -0.211
     0.004    -0.991     0.132
     0.065    -0.998    -0.012
     0.291    -0.945     0.147
     0.226    -0.963     0.144
    -0.012    -0.992    -0.128
     0.201    -0.979     0.033
     0.108    -0.991     0.075
     0.178    -0.984     0.028
     0.124    -0.992     0.039
     0.067    -0.998    -0.010
     0.132    -0.956    -0.261
    -0.097    -0.977     0.189
    -0.065    -0.850    -0.523
     0.142    -0.989    -0.051
     0.075    -0.952    -0.297
     0.087    -0.995    -0.050
     0.305    -0.950    -0.060
     0.166    -0.980    -0.109
    -0.170    -0.985     0.022
     0.162    -0.942     0.295
     0.050    -0.979    -0.195
     0.136    -0.986     0.095
     0.099    -0.960    -0.260
     0.106    -0.992    -0.070
     0.239    -0.971     0.001
     0.396    -0.883    -0.253
     0.044    -0.994    -0.098
     0.308    -0.949    -0.068
     0.172    -0.983    -0.058
     0.081    -0.991    -0.103
     0.146    -0.984    -0.102
    -0.014    -1.000    -0.007
     0.220    -0.973    -0.065
     0.196    -0.973    -0.124
     0.115    -0.985    -0.126
     0.082    -0.994    -0.076
     0.333    -0.941    -0.062
     0.279    -0.955    -0.102
     0.165    -0.978    -0.128
     0.092    -0.980     0.175
     0.036    -0.993     0.111
     0.061    -0.998    -0.028
     0.072    -0.975    -0.210
     0.194    -0.979    -0.057
     0.227    -0.967    -0.115
     0.109    -0.993     0.034
    -0.048    -0.998    -0.040
     0.303    -0.928    -0.218
     0.278    -0.960    -0.007
     0.366    -0.918    -0.152
     0.354    -0.932     0.079
     0.085    -0.962    -0.259
     0.209    -0.976     0.062
     0.212    -0.928    -0.306
     0.191    -0.982     0.007
     0.103    -0.980     0.169
     0.115    -0.983    -0.141
     0.139    -0.958    -0.251
     0.125    -0.953     0.275
     0.166    -0.966    -0.198
     0.123    -0.983     0.138
     0.302    -0.944    -0.130
     0.274    -0.935     0.224
     0.159    -0.970     0.186
     0.151    -0.975    -0.160
     0.222    -0.956    -0.191
     0.176    -0.971    -0.163
     0.091    -0.946    -0.311
     0.156    -0.959    -0.235
    -0.001    -0.999    -0.053
     0.417    -0.906    -0.075
     0.285    -0.958     0.007
     0.303    -0.945    -0.124
     0.095    -0.985    -0.142
     0.317    -0.948     0.034
     0.225    -0.937    -0.266
     0.349    -0.931    -0.109
    -0.055    -0.988    -0.141
     0.131    -0.985    -0.110
     0.393    -0.919    -0.041
     0.069    -0.997    -0.043
     0.133    -0.949    -0.286
     0.110    -0.976    -0.190
     0.129    -0.985    -0.116
    -0.098    -0.994    -0.053
     0.233    -0.963    -0.134
     0.389    -0.906    -0.165
     0.271    -0.960     0.065
     0.014    -0.989    -0.144
     0.269    -0.947     0.174
     0.235    -0.963    -0.132
     0.278    -0.935    -0.221
     0.279    -0.960     0.012
     0.261    -0.965    -0.032
     0.281    -0.960     0.010
     0.194    -0.970    -0.147
     0.240    -0.956    -0.170
     0.253    -0.944    -0.210
     0.082    -0.995    -0.055
     0.055    -0.992    -0.115
     0.135    -0.991     0.022
    -0.047    -0.999    -0.008
     0.077    -0.983    -0.164
     0.185    -0.981     0.052
     0.267    -0.964    -0.004
     0.105    -0.957    -0.269
     0.286    -0.957    -0.054
     0.356    -0.934    -0.031
     0.170    -0.979     0.117
     0.154    -0.985    -0.077
     0.411    -0.911    -0.029
     0.061    -0.925    -0.376
     0.062    -0.994     0.085
     0.058    -0.949    -0.308
     0.027    -0.987     0.159
     0.244    -0.948    -0.203
    -0.022    -0.994    -0.107
     0.155    -0.966     0.206
     0.205    -0.976    -0.072
     0.339    -0.938     0.074
     0.010    -1.000     0.026
     0.208    -0.963    -0.171
     0.375    -0.915    -0.151
    -0.002    -0.999    -0.055
     0.265    -0.938    -0.225
     0.186    -0.981    -0.060
     0.149    -0.988     0.048
     0.042    -0.962    -0.268
     0.324    -0.856    -0.403
     0.167    -0.970    -0.177
     0.187    -0.981     0.049
     0.321    -0.943     0.088
     0.261    -0.936     0.238
     0.286    -0.925    -0.251
     0.117    -0.993     0.035
     0.157    -0.984     0.080
     0.019    -0.996    -0.091
     0.118    -0.992     0.047
     0.153    -0.986     0.067
     0.180    -0.951    -0.250
     0.251    -0.963    -0.093
     0.155    -0.987     0.038
     0.069    -0.997    -0.028
     0.147    -0.987     0.070
     0.321    -0.940    -0.118
     0.198    -0.937    -0.287
     0.284    -0.959     0.016
     0.110    -0.993    -0.047
     0.378    -0.925    -0.039
     0.524    -0.852     0.008
    -0.133    -0.979    -0.157
     0.112    -0.993    -0.029
     0.229    -0.953    -0.199
    -0.024    -0.999    -0.023
     0.227    -0.968    -0.105
     0.066    -0.981    -0.183
    -0.008    -1.000    -0.013
     0.246    -0.967     0.066
     0.102    -0.977     0.185
     0.144    -0.977     0.156
     0.368    -0.904    -0.219
     0.050    -0.997    -0.058
     0.104    -0.994     0.009
     0.182    -0.982    -0.053
     0.136    -0.991     0.008
     0.067    -0.960    -0.272
     0.162    -0.986    -0.047
     0.224    -0.962    -0.154
     0.357    -0.931    -0.075
     0.004    -0.990    -0.144
     0.110    -0.989    -0.095
     0.252    -0.961    -0.113
     0.217    -0.964    -0.151
     0.405    -0.914    -0.026
     0.259    -0.959     0.116
     0.172    -0.916    -0.362
     0.197    -0.952    -0.236
     0.169    -0.985    -0.032
     0.203    -0.977     0.068
     0.184    -0.969    -0.163
     0.166    -0.986     0.018
     0.144    -0.928    -0.343
     0.267    -0.950     0.163
     0.197    -0.979    -0.049
     0.236    -0.962     0.137
     0.251    -0.968    -0.025
     0.114    -0.978    -0.177
     0.050    -0.979    -0.196
     0.172    -0.984    -0.047
     0.332    -0.937    -0.106
     0.344    -0.914    -0.216
     0.210    -0.977    -0.035
     0.091    -0.995    -0.028
     0.179    -0.969     0.173
     0.267    -0.961     0.074
     0.160    -0.969    -0.188
     0.184    -0.980    -0.071
     0.037    -0.999    -0.020
     0.047    -0.993    -0.113
     0.260    -0.953    -0.153
     0.283    -0.958    -0.050
     0.263    -0.964     0.050
     0.191    -0.947    -0.258
     0.254    -0.939    -0.232
     0.334    -0.931     0.148
     0.323    -0.936    -0.137
     0.025    -0.992    -0.126
     0.215    -0.972    -0.094
     0.212    -0.977     0.007
     0.172    -0.973    -0.156
     0.056    -0.970    -0.238
     0.128    -0.991    -0.029
    -0.060    -0.997    -0.037
