     0.971    -0.116    -0.208
     0.957    -0.243    -0.157
     0.934    -0.193    -0.301
     0.958    -0.227    -0.174
     0.892    -0.167    -0.420
     0.986    -0.054    -0.157
     0.982    -0.115    -0.148
     0.866    -0.123    -0.484
     0.926    -0.274    -0.261
     0.949    -0.254    -0.187
     0.959    -0.077    -0.273
     0.985    -0.000    -0.173
     0.967    -0.205    -0.153
     0.962    -0.252    -0.103
     0.913    -0.228    -0.340
     0.948    -0.180    -0.264
     0.858    -0.236    -0.457
     0.922     0.010    -0.386
     0.975    -0.069    -0.209
     0.995    -0.063    -0.082
     0.930    -0.091    -0.356
     0.951    -0.109    -0.288
     0.922    -0.275    -0.273
     0.939    -0.248    -0.238
     0.924    -0.080    -0.375
     0.932    -0.193    -0.307
     0.953     0.021    -0.303
     0.941    -0.068    -0.333
     0.967    -0.146    -0.211
     0.990    -0.083    -0.118
     0.959    -0.111    -0.260
     0.940    -0.228    -0.253
     0.901    -0.329    -0.284
     0.989    -0.145    -0.020
     0.928    -0.199    -0.314
     0.955    -0.149    -0.255
     0.975    -0.064    -0.213
     0.929    -0.270    -0.253
     0.974    -0.049    -0.222
     0.918    -0.211    -0.335
     0.983    -0.155    -0.101
     0.990     0.107    -0.087
     0.975    -0.144    -0.172
     0.960    -0.230    -0.162
     0.949    -0.215    -0.231
     0.963    -0.143    -0.227
     0.977    -0.165    -0.131
     0.999    -0.037    -0.025
     0.906    -0.227    -0.357
     0.957     0.022    -0.291
     0.973    -0.163    -0.163
     0.935    -0.192    -0.299
     0.975    -0.163    -0.154
     0.998    -0.032    -0.053
     0.982    -0.052    -0.183
     0.978    -0.021    -0.206
     0.966    -0.172    -0.195
     0.979    -0.143    -0.142
     0.975    -0.080    -0.208
     0.952    -0.214    -0.220
     0.974    -0.152    -0.168
     0.930    -0.174    -0.324
     0.958    -0.195    -0.209
     0.977    -0.101    -0.190
     0.974    -0.073    -0.212
     0.977    -0.130    -0.167
     0.982    -0.138    -0.128
     0.969     0.037    -0.245
     0.917    -0.008    -0.398
     0.925    -0.121    -0.360
     0.959    -0.133    -0.252
     0.976    -0.188    -0.111
     0.976    -0.160    -0.146
     0.946    -0.157    -0.283
     0.909    -0.158    -0.385
     0.962    -0.137    -0.237
     0.961    -0.145    -0.237
     0.964    -0.085    -0.253
     0.984    -0.174    -0.032
     0.946    -0.095    -0.310
     0.946    -0.260    -0.196
     0.918     0.024    -0.395
     0.986     0.019    -0.164
     0.969    -0.077    -0.236
     0.935    -0.061    -0.349
     0.970     0.021    -0.241
     0.989    -0.113    -0.099
     0.951    -0.119    -0.285
     0.947    -0.064    -0.314
     0.976     0.025    -0.217
     0.918    -0.156    -0.365
     0.983    -0.025    -0.184
     0.946    -0.141    -0.292
     0.984    -0.105    -0.146
     0.924    -0.221    -0.311
     0.951    -0.167    -0.262
     0.965    -0.095    -0.243
     0.956     0.028    -0.291
     0.958    -0.085    -0.274
     0.966    -0.100    -0.237
     0.870    -0.343    -0.355
     0.882    -0.091    -0.462
     0.906    -0.319    -0.278
     0.945    -0.164    -0.283
     0.885    -0.369    -0.284
     0.961     0.024    -0.274
     0.896    -0.226    -0.383
     0.947    -0.257    -0.194
     0.981    -0.178    -0.082
     0.956     0.136    -0.259
     0.850    -0.247    -0.465
     0.955    -0.015    -0.295
     0.962    -0.068    -0.265
     0.978    -0.137    -0.156
     0.972    -0.115    -0.204
     0.887    -0.302    -0.349
     0.928    -0.076    -0.364
     0.986    -0.074    -0.151
     0.908    -0.148    -0.392
     0.893    -0.250    -0.374
     0.913    -0.117    -0.392
     0.972    -0.046    -0.232
     0.929    -0.214    -0.301
     0.883    -0.196    -0.427
     0.868    -0.392    -0.305
     0.948    -0.131    -0.290
     0.934    -0.227    -0.276
     0.977    -0.210    -0.039
     0.968    -0.039    -0.249
     0.985    -0.066    -0.159
     0.914    -0.275    -0.300
     0.925    -0.338    -0.175
     0.931    -0.179    -0.319
     0.945    -0.137    -0.297
     0.985    -0.138    -0.101
     0.980    -0.066    -0.187
     0.927    -0.229    -0.296
     0.972    -0.076    -0.221
     0.981    -0.026    -0.190
     0.959    -0.059    -0.278
     0.972    -0.126    -0.197
     0.965    -0.185    -0.188
     0.985    -0.077    -0.154
     0.948    -0.135    -0.288
     0.941    -0.204    -0.269
     0.981    -0.083    -0.175
     0.965    -0.209    -0.159
     0.958    -0.183    -0.222
     0.963    -0.201    -0.180
     0.918    -0.127    -0.375
     0.967    -0.161    -0.196
     0.952    -0.239    -0.192
     0.906    -0.200    -0.372
     0.959     0.012    -0.285
     0.945    -0.212    -0.249
     0.931    -0.166    -0.324
     0.988    -0.089    -0.123
     0.944    -0.115    -0.309
     0.922    -0.117    -0.369
     0.984    -0.147    -0.100
     0.832    -0.255    -0.492
     0.966    -0.099    -0.237
     0.970    -0.151    -0.191
     0.936    -0.270    -0.226
     0.951    -0.241    -0.196
     0.953    -0.300    -0.050
     0.861    -0.320    -0.395
     0.972    -0.026    -0.234
     0.981    -0.064    -0.183
     0.941    -0.155    -0.302
     0.952    -0.173    -0.253
     0.955    -0.132    -0.267
     0.922    -0.173    -0.347
     0.935    -0.168    -0.313
     0.925    -0.278    -0.260
     0.965    -0.159    -0.208
     0.904    -0.396    -0.162
     0.956    -0.027    -0.291
     0.976    -0.196    -0.090
     0.926    -0.210    -0.314
     0.990    -0.068    -0.127
     0.961    -0.143    -0.236
     0.932    -0.080    -0.352
     0.964    -0.077    -0.254
     0.950     0.003    -0.311
     0.918    -0.211    -0.336
     0.955    -0.049    -0.292
     0.932    -0.147    -0.332
     0.917    -0.343    -0.205
     0.936    -0.345    -0.069
     0.963    -0.064    -0.262
     0.955    -0.138    -0.263
     0.974    -0.038    -0.223
     0.980    -0.091    -0.176
     0.988    -0.129    -0.080
     0.899    -0.051    -0.435
     0.896     0.034    -0.443
     0.976    -0.125    -0.179
     0.936    -0.202    -0.288
     0.979    -0.035    -0.198
     0.944    -0.219    -0.247
     0.958    -0.261    -0.119
     0.984    -0.122    -0.131
     0.919    -0.108    -0.379
     0.877    -0.177    -0.447
     0.934    -0.205    -0.293
     0.961    -0.257    -0.100
     0.893    -0.124    -0.433
     0.944    -0.042    -0.326
     0.984    -0.039    -0.177
     0.990    -0.080    -0.114
     0.929    -0.155    -0.336
     0.857    -0.100    -0.505
     0.934    -0.018    -0.356
     0.873    -0.304    -0.381
     0.996    -0.069    -0.064
     0.957    -0.282    -0.063
     0.993    -0.113    -0.038
     0.947    -0.120    -0.299
     0.908    -0.253    -0.334
     0.889    -0.096    -0.448
     0.969    -0.175    -0.174
     0.896    -0.250    -0.366
     0.959    -0.025    -0.283
     0.900    -0.175    -0.398
     0.858    -0.321    -0.401
     0.929    -0.158    -0.335
     0.916    -0.161    -0.368
     0.928    -0.229    -0.293
     0.968    -0.164    -0.188
     0.959    -0.172    -0.227
     0.940    -0.158    -0.304
     0.886    -0.260    -0.383
     0.983    -0.046    -0.179
     0.978     0.130    -0.162
     0.964    -0.082    -0.253
     0.938    -0.092    -0.333
     0.971    -0.027    -0.236
     0.974    -0.078    -0.211
     0.976    -0.109    -0.188
     0.945    -0.134    -0.300
     0.984    -0.046    -0.172
     0.953    -0.221    -0.208
     0.926    -0.240    -0.293
     0.953    -0.211    -0.219
     0.921    -0.191    -0.340
     0.969    -0.163    -0.184
     0.930    -0.103    -0.353
     0.965    -0.115    -0.237
     0.903    -0.231    -0.362
     0.979     0.021    -0.203
     0.954    -0.085    -0.286
     0.958    -0.198    -0.207
     0.892    -0.185    -0.412
     0.960    -0.229    -0.158
     0.958    -0.146    -0.246
     0.969    -0.061    -0.240
     0.955    -0.192    -0.226
     0.982    -0.140    -0.128
     0.967    -0.199    -0.160
     0.939    -0.162    -0.302
     0.975    -0.189    -0.114
     0.917    -0.205    -0.341
     0.954    -0.145    -0.261
     0.978    -0.206    -0.021
     0.938    -0.069    -0.341
     0.941    -0.185    -0.283
     0.988    -0.104    -0.114
     0.905    -0.254    -0.342
     0.920    -0.109    -0.377
     0.967    -0.144    -0.212
     0.971    -0.214    -0.103
     0.930    -0.242    -0.276
     0.921    -0.250    -0.300
     0.931    -0.223    -0.288
     0.972    -0.027    -0.234
     0.963    -0.061    -0.261
     0.940    -0.102    -0.324
     1.000     0.009    -0.025
     0.984     0.037    -0.173
     0.927    -0.270    -0.260
     0.980     0.009    -0.200
     0.952    -0.018    -0.306
     0.954    -0.178    -0.241
     0.958    -0.142    -0.248
     0.967    -0.226    -0.121
     0.982    -0.136    -0.128
     0.932    -0.237    -0.274
     0.924    -0.243    -0.296
     0.916    -0.255    -0.310
     0.974    -0.055    -0.219
     0.897    -0.327    -0.298
     0.954     0.008    -0.300
     0.978    -0.065    -0.199
     0.919    -0.075    -0.388
     0.980    -0.009    -0.198
     0.968    -0.016    -0.252
     0.902    -0.145    -0.407
     0.941    -0.169    -0.293
     0.949    -0.254    -0.185
     0.923    -0.332    -0.192
     0.923    -0.278    -0.267
     0.914    -0.071    -0.400
     0.910    -0.072    -0.409
     0.974    -0.056    -0.220
     0.922    -0.188    -0.338
     0.997    -0.059    -0.057
     0.935    -0.170    -0.313
     0.984    -0.078    -0.161
     0.862    -0.372    -0.344
     0.942    -0.051    -0.331
     0.985    -0.065    -0.160
     0.987    -0.112    -0.112
     0.972    -0.039    -0.230
     0.973    -0.166    -0.162
     0.973    -0.176    -0.152
     0.889    -0.111    -0.444
     0.993    -0.014    -0.115
     0.955    -0.044    -0.292
     0.987    -0.155    -0.053
     0.990     0.041    -0.131
     0.880    -0.348    -0.322
     0.952    -0.009    -0.305
     0.900    -0.255    -0.354
     0.947    -0.265    -0.180
     0.964    -0.072    -0.255
     0.955    -0.120    -0.271
     0.975     0.017    -0.221
     0.945    -0.159    -0.287
     0.945    -0.112    -0.308
     0.951    -0.159    -0.266
     0.920    -0.041    -0.390
     0.933    -0.269    -0.240
     0.988    -0.084    -0.126
     0.974    -0.162    -0.157
     0.957    -0.098    -0.272
     0.890    -0.398    -0.222
     0.967    -0.026    -0.255
     0.981    -0.028    -0.193
     0.984    -0.126    -0.123
     0.960    -0.185    -0.211
     0.994    -0.078    -0.074
     0.936    -0.119    -0.330
     0.935    -0.264    -0.237
     0.939    -0.147    -0.311
     0.956    -0.189    -0.222
     0.913    -0.152    -0.378
     0.925    -0.227    -0.306
     0.913    -0.214    -0.346
     0.930    -0.198    -0.310
     0.954    -0.066    -0.293
     0.936    -0.223    -0.272
     0.956    -0.092    -0.277
     0.939    -0.026    -0.342
     0.975    -0.116    -0.189
     0.945    -0.097    -0.312
     0.949    -0.081    -0.305
     0.931    -0.245    -0.272
     0.921    -0.204    -0.331
     0.987    -0.111    -0.116
     0.953    -0.054    -0.298
     0.925    -0.237    -0.295
     0.943    -0.208    -0.259
     0.990    -0.019    -0.141
     0.960    -0.132    -0.248
     0.946    -0.042    -0.322
     0.934    -0.115    -0.338
     0.956     0.021    -0.294
     0.975    -0.095    -0.199
     0.965    -0.210    -0.157
     0.924    -0.108    -0.368
     0.930    -0.257    -0.263
     0.884    -0.347    -0.313
     0.951    -0.037    -0.307
     0.958    -0.267    -0.108
     0.943     0.069    -0.326
     0.967    -0.126    -0.221
     0.936    -0.177    -0.304
     0.968    -0.216    -0.129
     0.991    -0.069    -0.116
     0.864    -0.166    -0.475
     0.955    -0.163    -0.246
     0.957    -0.130    -0.260
     0.927    -0.136    -0.351
     0.983    -0.027    -0.181
     0.903    -0.280    -0.326
     0.931    -0.279    -0.236
     0.949    -0.133    -0.284
     0.952    -0.243    -0.184
     0.985    -0.047    -0.168
     0.909    -0.150    -0.388
     0.963    -0.062    -0.263
     0.938    -0.186    -0.293
     0.965    -0.073    -0.251
     0.975    -0.069    -0.209
     0.978    -0.199    -0.063
     0.929    -0.114    -0.351
     0.966    -0.203    -0.161
     0.947    -0.251    -0.202
     0.960     0.055    -0.273
     0.969    -0.176    -0.172
