     0.058     0.629    -0.775
     0.166     0.686    -0.709
    -0.003     0.880    -0.474
     0.114     0.282    -0.952
     0.363     0.900    -0.240
     0.331     0.692    -0.642
    -0.107     0.578    -0.809
     0.212     0.817    -0.537
     0.121     0.980    -0.156
     0.169     0.797    -0.580
     0.030     0.645    -0.763
     0.163     0.592    -0.789
     0.117     0.695    -0.709
     0.170     0.532    -0.829
     0.224     0.814    -0.536
     0.335     0.715    -0.613
     0.090     0.464    -0.881
     0.230     0.948    -0.218
     0.408     0.846    -0.343
     0.095     0.588    -0.803
     0.071     0.855    -0.514
     0.172     0.829    -0.533
     0.104     0.742    -0.662
     0.277     0.958     0.071
     0.134     0.780    -0.611
    -0.092     0.341    -0.936
    -0.019     0.720    -0.693
     0.124     0.811    -0.571
    -0.152    -0.573    -0.805
     0.359     0.862    -0.358
     0.066     0.246    -0.967
     0.193     0.592    -0.782
     0.132     0.924    -0.358
     0.164     0.878    -0.450
     0.005     0.694    -0.720
    -0.351    -0.615    -0.706
    -0.073     0.383    -0.921
     0.394     0.888     0.235
    -0.013    -0.518    -0.855
     0.123     0.969    -0.215
     0.144     0.650    -0.746
     0.115     0.659    -0.743
     0.021     0.798    -0.603
    -0.120     0.854    -0.507
     0.260     0.951    -0.168
     0.057     0.724    -0.687
     0.226     0.624    -0.748
     0.227     0.438    -0.870
     0.290     0.862    -0.417
    -0.047     0.905    -0.423
     0.251     0.968    -0.007
     0.363     0.908    -0.209
     0.089     0.798    -0.596
     0.129     0.984    -0.119
     0.012     0.496    -0.868
     0.208     0.712    -0.671
    -0.016     0.240    -0.971
     0.240     0.936    -0.257
     0.112     0.714    -0.691
     0.137     0.751    -0.646
     0.053     0.488    -0.871
    -0.006     0.837    -0.547
     0.299     0.948    -0.110
     0.234     0.410     0.881
     0.358     0.912    -0.199
     0.089     0.978     0.186
    -0.015     0.762    -0.648
     0.010     0.262    -0.965
     0.294     0.766    -0.571
     0.253     0.840    -0.480
    -0.092     0.442    -0.892
     0.333     0.820    -0.465
     0.364     0.675    -0.641
     0.240     0.676    -0.697
     0.066     0.801    -0.595
    -0.247    -0.465    -0.850
     0.213     0.786    -0.581
    -0.064     0.849    -0.525
     0.177     0.741    -0.648
     0.140     0.978    -0.153
     0.118     0.788     0.604
     0.010     0.647    -0.762
     0.140     0.854    -0.502
     0.205     0.805     0.557
     0.051     0.610    -0.791
     0.339     0.928    -0.152
     0.147     0.822    -0.551
     0.242     0.891    -0.385
     0.076     0.543    -0.836
     0.179     0.969    -0.171
     0.238     0.665    -0.708
     0.100     0.902    -0.420
     0.078     0.821    -0.566
     0.158     0.771    -0.616
     0.113     0.842    -0.528
     0.254     0.724    -0.641
     0.207     0.978     0.031
     0.267     0.845     0.464
    -0.099     0.394    -0.914
     0.049     0.579    -0.814
     0.093     0.855    -0.511
    -0.001     0.529    -0.849
     0.467     0.705    -0.534
     0.310     0.574    -0.758
    -0.044     0.772    -0.635
     0.014     0.745     0.667
    -0.271     0.263    -0.926
    -0.200    -0.647    -0.736
     0.133     0.876    -0.464
     0.280     0.953    -0.120
     0.133     0.621    -0.773
     0.163     0.945    -0.285
     0.257     0.668    -0.698
     0.261     0.960     0.097
     0.076     0.553     0.829
     0.182     0.933    -0.312
     0.245     0.756    -0.607
     0.206     0.674    -0.710
     0.094     0.674    -0.732
     0.129     0.672     0.729
     0.158     0.199    -0.967
     0.249     0.967     0.056
     0.132     0.363    -0.922
     0.258     0.693    -0.673
     0.231     0.737    -0.635
     0.319     0.936    -0.146
    -0.223     0.362    -0.905
     0.223     0.625     0.748
     0.139     0.646    -0.751
     0.138     0.944    -0.300
     0.370     0.912    -0.180
     0.257     0.957     0.134
     0.036     0.999    -0.030
     0.147     0.412    -0.899
     0.180     0.952    -0.249
     0.077     0.871    -0.486
     0.214     0.934    -0.286
     0.141     0.863    -0.485
     0.036     0.997     0.063
    -0.025     0.209    -0.978
    -0.137     0.470    -0.872
     0.208     0.751    -0.626
     0.138     0.967     0.215
     0.265     0.731    -0.628
     0.310     0.949    -0.061
     0.049     0.784    -0.618
     0.220     0.445    -0.868
     0.232     0.972    -0.029
     0.128     0.813    -0.568
     0.193     0.981    -0.024
    -0.114    -0.418    -0.902
     0.173     0.818    -0.548
     0.101     0.498    -0.861
     0.230     0.869    -0.438
     0.305     0.911    -0.278
     0.287     0.958     0.000
     0.234     0.632    -0.739
    -0.002     0.630    -0.776
     0.032     0.780    -0.625
     0.121     0.762    -0.636
     0.113     0.928    -0.355
     0.159     0.972    -0.172
     0.089     0.971    -0.223
    -0.019     0.644    -0.765
     0.237     0.735    -0.635
     0.063     0.610    -0.790
    -0.015     0.594    -0.804
     0.141     0.793    -0.592
     0.176     0.970    -0.166
     0.076    -0.377    -0.923
     0.065     0.808    -0.586
     0.180     0.669    -0.721
     0.352     0.594    -0.723
     0.177     0.427    -0.887
     0.205     0.957     0.204
     0.331     0.934     0.133
     0.119     0.468    -0.876
     0.256     0.460    -0.850
     0.005     0.998    -0.056
     0.369     0.585    -0.722
     0.319     0.897    -0.307
     0.236     0.684    -0.690
     0.218     0.562    -0.798
     0.219     0.528    -0.820
     0.090     0.634    -0.769
     0.225     0.837    -0.498
    -0.026     0.719    -0.695
     0.274     0.673    -0.687
     0.112     0.834    -0.541
     0.164     0.739    -0.653
    -0.040     0.585    -0.810
     0.221     0.725    -0.653
     0.152     0.858    -0.490
     0.265     0.842    -0.470
     0.323     0.585     0.744
     0.083     0.786    -0.613
     0.394     0.829    -0.396
     0.046     0.419    -0.907
     0.208     0.615     0.761
     0.155     0.610    -0.777
     0.188     0.534    -0.825
     0.158     0.674    -0.722
     0.123     0.918    -0.376
     0.063     0.937    -0.343
     0.036     0.817    -0.576
     0.271     0.945    -0.184
     0.006     0.494    -0.870
     0.156     0.478    -0.864
     0.083     0.512    -0.855
     0.347     0.891    -0.292
     0.214     0.945    -0.249
     0.231     0.356    -0.905
     0.194     0.585    -0.787
     0.186     0.714    -0.675
     0.068     0.754    -0.653
    -0.016    -0.201    -0.980
     0.207     0.909    -0.362
     0.081     0.852    -0.517
     0.169     0.985    -0.044
    -0.003     0.472    -0.882
     0.262     0.735    -0.626
     0.243     0.894    -0.376
     0.188     0.833    -0.520
    -0.156    -0.609    -0.778
     0.105     0.949    -0.298
     0.024     0.436    -0.900
     0.128     0.773    -0.621
     0.198     0.892    -0.407
    -0.039     0.999    -0.021
     0.298     0.553    -0.778
     0.091     0.995    -0.050
     0.238     0.908    -0.345
     0.295     0.731    -0.616
     0.153     0.461    -0.874
     0.306     0.764    -0.568
     0.405     0.632    -0.660
     0.207     0.525    -0.825
     0.111     0.616    -0.780
     0.418     0.875    -0.245
     0.239     0.609    -0.756
    -0.402    -0.542    -0.738
     0.169     0.686    -0.707
     0.356     0.421     0.834
     0.206     0.548    -0.811
     0.148     0.479    -0.865
     0.112     0.903    -0.414
     0.217     0.975    -0.051
    -0.219     0.271    -0.937
     0.110     0.944     0.312
     0.198     0.966    -0.165
     0.203     0.636    -0.744
     0.366     0.784    -0.501
    -0.091     0.281    -0.955
    -0.002     0.902    -0.432
     0.267     0.689    -0.674
     0.215     0.972    -0.089
    -0.020     0.135    -0.991
     0.089     0.952    -0.291
     0.056     0.485    -0.873
     0.302     0.900    -0.316
    -0.003     0.891    -0.454
    -0.002     0.871    -0.492
     0.160     0.883    -0.441
     0.041     0.600    -0.799
     0.134     0.684    -0.717
    -0.215    -0.519    -0.827
     0.320     0.911    -0.259
    -0.255    -0.555    -0.792
     0.020     0.811     0.585
     0.264     0.867    -0.423
     0.261     0.813    -0.521
     0.157     0.316    -0.936
     0.099     0.558    -0.824
     0.282     0.904    -0.320
    -0.402    -0.323    -0.857
     0.235     0.664    -0.710
     0.165     0.745    -0.646
     0.252     0.919    -0.303
     0.246     0.754     0.609
     0.236     0.852    -0.468
     0.183     0.900    -0.396
     0.050     0.506    -0.861
     0.199     0.889    -0.413
     0.094     0.562    -0.822
     0.208     0.684    -0.699
     0.469     0.852    -0.233
     0.336     0.686     0.646
     0.150     0.634    -0.758
    -0.010    -0.386    -0.922
     0.199     0.586    -0.786
     0.297     0.908    -0.294
     0.111     0.271    -0.956
     0.089     0.529    -0.844
     0.063     0.615    -0.786
     0.393     0.839    -0.377
     0.199     0.976     0.092
     0.308     0.771    -0.557
     0.090     0.810    -0.579
     0.285     0.958    -0.040
     0.221     0.722    -0.655
     0.047     0.437    -0.898
    -0.045     0.823    -0.567
     0.025     0.636    -0.771
     0.198     0.960    -0.199
     0.126     0.893    -0.432
     0.057     0.585    -0.809
     0.336     0.625    -0.704
     0.144     0.913    -0.383
     0.095     0.665    -0.741
     0.163     0.798    -0.580
     0.092     0.946    -0.312
     0.252     0.932     0.262
     0.178     0.499    -0.848
     0.134     0.707    -0.695
     0.119     0.516    -0.848
     0.189     0.982     0.024
    -0.014     0.661    -0.750
    -0.096    -0.675    -0.732
     0.039     0.292    -0.956
     0.040     0.776    -0.630
     0.301     0.880    -0.367
     0.224     0.580     0.783
     0.281     0.952    -0.124
     0.055     0.540    -0.840
     0.225     0.965    -0.134
    -0.042     0.751    -0.658
     0.151     0.665    -0.732
     0.213     0.641    -0.737
     0.056     0.557    -0.829
     0.436     0.845    -0.310
     0.158     0.952    -0.261
    -0.031     0.586    -0.810
     0.265     0.531    -0.805
     0.095     0.735    -0.672
     0.272     0.787    -0.554
     0.228     0.960     0.165
     0.082     0.762    -0.642
     0.165     0.524    -0.836
     0.274     0.898    -0.346
     0.393     0.919    -0.040
     0.029     0.589    -0.808
     0.177     0.883    -0.436
    -0.117    -0.394    -0.912
     0.207     0.623    -0.754
     0.247     0.910    -0.333
     0.281     0.659    -0.698
     0.122     0.878    -0.462
     0.360     0.615     0.702
     0.243     0.824    -0.512
     0.176     0.635    -0.752
     0.369     0.839    -0.400
    -0.081     0.524    -0.848
     0.199     0.941     0.274
     0.352     0.920    -0.171
    -0.353    -0.683    -0.640
     0.209     0.925    -0.316
     0.031     0.560     0.828
     0.272     0.855    -0.441
     0.363     0.332     0.871
     0.000     0.862    -0.507
     0.027     0.537    -0.843
     0.032     0.578    -0.815
     0.285     0.696    -0.660
     0.030     0.847    -0.531
     0.058     0.860    -0.507
     0.081     0.682    -0.727
    -0.265    -0.492    -0.829
     0.300     0.801    -0.519
     0.173     0.279     0.945
    -0.102     0.250    -0.963
     0.173     0.853    -0.493
     0.042     0.993     0.107
    -0.064     0.822    -0.566
     0.353     0.450    -0.820
     0.273     0.903    -0.330
     0.351     0.833     0.428
    -0.077     0.329    -0.941
     0.150     0.852    -0.501
    -0.082     0.327    -0.941
    -0.064     0.614    -0.787
     0.359     0.905    -0.228
    -0.002     0.453    -0.891
     0.291     0.828    -0.480
     0.162     0.646    -0.746
     0.197     0.503    -0.842
    -0.037     0.320    -0.947
     0.143     0.866    -0.478
     0.222     0.965     0.139
     0.416     0.823    -0.386
     0.190     0.740     0.646
     0.148     0.674    -0.724
     0.267     0.964     0.009
     0.230     0.664    -0.711
     0.150     0.669    -0.728
     0.154     0.826    -0.542
     0.372     0.889    -0.265
     0.057     0.793    -0.606
     0.014    -0.421    -0.907
     0.016     0.738    -0.675
     0.027     0.902    -0.431
     0.225     0.729    -0.647
     0.181     0.911    -0.370
    -0.140     0.437    -0.888
     0.278     0.858    -0.432
    -0.048     0.963    -0.267
     0.350     0.411     0.842
     0.154     0.665    -0.731
     0.134     0.815    -0.564
     0.189     0.695    -0.694
     0.099     0.628    -0.772
     0.248     0.945    -0.214
     0.435     0.623    -0.650
     0.423     0.422     0.802
     0.052     0.670    -0.741
     0.021     0.909    -0.416
     0.126     0.349    -0.928
     0.355     0.929    -0.107
    -0.121     0.193    -0.974
     0.021     0.919    -0.394
     0.341     0.938    -0.061
     0.206     0.941    -0.270
     0.205     0.297    -0.933
     0.328     0.945    -0.007
     0.056     0.952    -0.299
     0.074     0.307    -0.949
     0.187     0.371    -0.910
     0.224     0.582    -0.781
    -0.017     0.817    -0.576
     0.221     0.354    -0.909
     0.185     0.535    -0.825
     0.504     0.662     0.554
     0.367     0.911     0.188
     0.141     0.398    -0.907
     0.403     0.571    -0.716
     0.203     0.576    -0.792
    -0.318    -0.493    -0.810
     0.153     0.830    -0.537
     0.153     0.620    -0.769
    -0.028     0.602    -0.798
     0.171     0.809    -0.563
     0.141     0.988     0.061
    -0.029     0.680    -0.733
     0.200     0.649    -0.734
     0.031     0.729    -0.684
    -0.016     0.992    -0.123
     0.103     0.428    -0.898
     0.186     0.714    -0.675
     0.085     0.729    -0.679
     0.338     0.851    -0.402
     0.354     0.803    -0.479
     0.219     0.763    -0.609
     0.146     0.867    -0.477
     0.249     0.916    -0.314
     0.145     0.986    -0.086
     0.387     0.870    -0.305
     0.215     0.785     0.580
     0.189     0.937    -0.293
     0.002     0.989    -0.145
     0.268     0.893    -0.362
     0.175     0.876    -0.450
     0.061     0.986    -0.156
     0.203     0.879    -0.432
    -0.021     0.219    -0.976
     0.240     0.328    -0.914
     0.086     0.362    -0.928
     0.192     0.694    -0.694
     0.147     0.879    -0.453
    -0.168    -0.563    -0.809
     0.173     0.833    -0.526
     0.154     0.512    -0.845
     0.180     0.812    -0.555
     0.036     0.945    -0.325
     0.331     0.788    -0.519
     0.097     0.496    -0.863
     0.232     0.504    -0.832
     0.142     0.696    -0.704
     0.305     0.749     0.588
     0.001     0.622    -0.783
     0.226     0.904    -0.362
     0.244     0.561    -0.791
     0.142     0.504    -0.852
     0.208     0.758    -0.618
    -0.326    -0.629    -0.706
     0.230     0.459    -0.858
     0.095     0.771    -0.630
     0.428     0.879    -0.211
     0.050     0.855    -0.516
     0.079     0.149    -0.986
     0.303     0.847    -0.436
     0.416     0.815    -0.403
     0.224     0.916    -0.334
     0.328     0.794    -0.511
    -0.177    -0.630    -0.756
     0.234     0.946    -0.226
     0.320     0.939    -0.128
     0.061     0.783    -0.619
     0.093     0.286    -0.954
     0.160     0.783    -0.601
     0.008     0.596    -0.803
     0.204     0.841    -0.502
     0.096     0.852    -0.515
     0.263     0.798    -0.542
     0.267     0.935    -0.232
     0.210     0.769    -0.603
     0.166     0.600    -0.782
     0.196     0.951    -0.239
     0.090     0.754    -0.651
     0.238     0.784    -0.573
     0.182     0.737    -0.652
     0.129     0.935    -0.331
     0.058     0.580    -0.812
     0.056     0.867    -0.496
     0.374     0.830    -0.414
     0.332     0.928    -0.172
     0.295     0.508     0.809
     0.118     0.620    -0.776
     0.028     0.609    -0.793
     0.118     0.513    -0.850
     0.083     0.786    -0.613
     0.143     0.597    -0.789
     0.021     0.983    -0.180
     0.067    -0.644    -0.762
     0.489     0.427     0.761
     0.084     0.832    -0.548
     0.218     0.939    -0.268
     0.014     0.479    -0.878
     0.287     0.866    -0.410
    -0.084     0.810    -0.581
     0.184     0.981    -0.062
     0.299     0.487    -0.821
    -0.007     0.639    -0.769
     0.136     0.870    -0.473
     0.157     0.981     0.117
     0.015     0.105    -0.994
     0.091     0.625    -0.775
    -0.032     0.548    -0.836
     0.094     0.645    -0.759
     0.034     0.691     0.722
     0.228     0.918    -0.325
     0.105     0.951    -0.290
     0.339     0.932     0.127
     0.047     0.836    -0.546
     0.341     0.833    -0.436
     0.294     0.654    -0.697
     0.434     0.887    -0.158
     0.364     0.334     0.869
     0.048     0.550     0.834
    -0.078     0.726    -0.683
     0.116     0.524    -0.844
     0.349     0.825    -0.444
     0.341     0.872    -0.351
     0.073     0.868    -0.491
     0.277     0.742    -0.610
     0.413     0.810    -0.416
     0.174     0.812    -0.557
     0.255     0.686    -0.681
    -0.034     0.495    -0.868
    -0.178     0.634    -0.752
     0.170     0.885    -0.433
     0.278     0.938    -0.206
     0.178     0.848    -0.500
     0.026     0.616    -0.787
     0.134     0.924    -0.359
    -0.135     0.957    -0.258
     0.052     0.734    -0.677
    -0.046     0.278    -0.959
    -0.099     0.528    -0.843
     0.092     0.537    -0.839
    -0.022     0.463    -0.886
     0.226     0.402    -0.887
     0.309     0.950    -0.042
     0.193     0.821    -0.537
     0.151     0.712    -0.686
     0.129     0.742    -0.658
     0.081     0.946    -0.315
     0.319     0.797    -0.512
    -0.116    -0.620    -0.776
     0.139     0.872    -0.469
     0.248     0.720    -0.648
     0.077     0.707    -0.703
     0.276     0.956    -0.099
     0.304     0.862    -0.405
     0.188     0.687    -0.702
     0.136     0.766    -0.628
     0.279     0.574     0.770
    -0.144     0.630    -0.763
    -0.115     0.522    -0.845
     0.337     0.890    -0.306
     0.296     0.731    -0.615
    -0.129     0.303    -0.944
     0.023     0.517    -0.856
     0.196     0.831    -0.520
    -0.072     0.579    -0.812
     0.464     0.885    -0.031
    -0.120     0.312    -0.942
     0.312     0.625    -0.716
     0.126     0.666    -0.735
    -0.141     0.520    -0.842
     0.141     0.509    -0.849
     0.276     0.659    -0.699
    -0.174    -0.437    -0.882
     0.289     0.840    -0.458
     0.311     0.946    -0.090
     0.077     0.422    -0.903
     0.312     0.868    -0.386
     0.317     0.670    -0.671
     0.064     0.845    -0.532
     0.019     0.770    -0.638
    -0.042     0.677    -0.735
     0.237     0.748    -0.619
     0.108     0.693    -0.713
     0.447     0.710    -0.544
     0.266     0.962     0.066
     0.192     0.514    -0.836
     0.299     0.953     0.045
     0.388     0.621    -0.681
     0.202     0.934    -0.296
     0.524     0.838    -0.156
     0.236     0.767    -0.596
     0.416     0.635     0.651
     0.323     0.898    -0.299
     0.048     0.965    -0.257
     0.236     0.952    -0.194
    -0.141     0.584    -0.800
     0.167     0.638    -0.752
     0.033     0.763    -0.646
     0.131     0.220    -0.967
     0.178     0.894    -0.411
     0.199     0.862    -0.466
     0.198     0.919    -0.340
     0.223     0.688    -0.691
     0.105     0.706    -0.700
     0.025     0.906    -0.423
    -0.003     0.698    -0.716
     0.022     0.499    -0.866
    -0.166     0.572    -0.803
     0.340     0.645    -0.684
     0.182     0.970    -0.162
     0.160     0.545    -0.823
     0.169     0.888    -0.428
     0.282     0.938    -0.200
     0.050     0.961    -0.273
     0.464     0.697    -0.547
     0.374     0.908     0.190
     0.249     0.818    -0.518
     0.047     0.795    -0.604
     0.087     0.814     0.574
    -0.366    -0.393    -0.844
     0.293     0.749    -0.595
    -0.142     0.090    -0.986
     0.213     0.630    -0.747
     0.253     0.758    -0.601
     0.200     0.911    -0.361
     0.177     0.662    -0.729
    -0.106     0.230    -0.967
    -0.065     0.806    -0.588
     0.294     0.897    -0.330
     0.449     0.833    -0.322
    -0.252    -0.685    -0.683
     0.145     0.823    -0.549
     0.197     0.756    -0.624
     0.094     0.917    -0.389
     0.415     0.797    -0.438
    -0.129     0.669    -0.732
     0.163     0.975    -0.147
     0.027     0.797    -0.603
     0.058     0.863    -0.502
     0.326     0.938    -0.115
    -0.060    -0.526    -0.849
     0.064     0.382    -0.922
     0.010     0.501    -0.866
     0.238     0.931    -0.275
     0.101     0.982    -0.160
     0.397     0.841    -0.367
     0.273     0.704    -0.655
     0.177     0.974     0.142
     0.434     0.879     0.198
     0.162     0.546    -0.822
    -0.149     0.287    -0.946
     0.089     0.966    -0.244
     0.193     0.890    -0.413
     0.055     0.373    -0.926
    -0.092     0.679    -0.729
     0.187     0.609    -0.771
     0.017     0.953    -0.303
     0.220     0.806    -0.550
     0.204     0.393    -0.897
     0.213     0.500    -0.840
    -0.384    -0.698    -0.605
     0.106     0.531    -0.841
     0.441     0.882    -0.164
    -0.092     0.751    -0.653
     0.258     0.951    -0.172
     0.094     0.582    -0.807
     0.122     0.715    -0.688
     0.342     0.783    -0.519
     0.079     0.768    -0.635
     0.127     0.958    -0.258
     0.185     0.884    -0.429
     0.315     0.544    -0.778
     0.204     0.949     0.239
     0.206     0.819    -0.535
     0.207     0.975     0.083
     0.223     0.276    -0.935
     0.224     0.756    -0.616
     0.036     0.194    -0.980
     0.192     0.691    -0.697
     0.339     0.939    -0.052
     0.186     0.585    -0.790
    -0.189    -0.348    -0.918
     0.250     0.954    -0.165
    -0.307    -0.566    -0.765
     0.065     0.464    -0.883
     0.263     0.912    -0.316
     0.156     0.564    -0.811
     0.219     0.437     0.872
     0.227     0.653    -0.723
     0.172     0.351    -0.920
     0.105     0.673    -0.733
     0.208     0.719    -0.663
     0.266     0.743    -0.614
     0.082     0.860    -0.503
     0.221     0.854    -0.471
     0.304     0.869    -0.390
     0.355     0.786    -0.507
     0.310     0.804    -0.508
     0.301     0.947    -0.110
     0.118     0.639     0.760
     0.250     0.951     0.185
     0.190     0.982     0.010
     0.318     0.589    -0.743
     0.096     0.548    -0.831
     0.055     0.980    -0.189
     0.361     0.876    -0.321
     0.021     0.512    -0.859
    -0.065     0.569    -0.820
     0.187     0.689    -0.701
     0.116     0.159    -0.980
     0.384     0.915     0.120
     0.298     0.733    -0.612
    -0.503    -0.585    -0.637
     0.310     0.847    -0.431
     0.127     0.154    -0.980
     0.246     0.806    -0.539
     0.195     0.812    -0.551
     0.380     0.721    -0.580
     0.322     0.655    -0.684
     0.388     0.921     0.041
     0.175     0.940    -0.293
     0.336     0.913    -0.231
     0.024     0.625    -0.780
     0.122     0.428    -0.895
     0.252     0.783    -0.568
     0.266     0.275    -0.924
    -0.201     0.326    -0.924
     0.204     0.943    -0.262
     0.079     0.623    -0.779
     0.073     0.317    -0.946
     0.117     0.685    -0.719
     0.069     0.557     0.828
     0.067     0.908    -0.413
     0.082     0.675    -0.733
     0.093     0.620     0.779
     0.203     0.679     0.705
     0.477     0.878    -0.041
    -0.096     0.375    -0.922
     0.268     0.909    -0.318
     0.251     0.925    -0.284
     0.145     0.612    -0.778
     0.191     0.414    -0.890
     0.038     0.611    -0.791
     0.383     0.890    -0.247
     0.380     0.911    -0.160
    -0.280    -0.244    -0.929
     0.104     0.588    -0.802
    -0.058    -0.620    -0.783
     0.364     0.929     0.063
    -0.055    -0.547    -0.835
     0.181     0.927    -0.329
    -0.202    -0.535    -0.821
     0.266     0.828    -0.493
     0.102     0.888    -0.449
     0.293     0.872    -0.393
     0.275     0.955    -0.107
     0.169     0.985    -0.034
     0.237     0.342     0.909
    -0.092     0.357    -0.930
     0.057     0.297    -0.953
     0.112     0.650    -0.752
     0.030     0.446    -0.895
    -0.242     0.459    -0.855
     0.207     0.536     0.819
     0.203     0.725    -0.659
     0.140     0.930    -0.339
     0.219     0.811    -0.543
     0.016     0.998    -0.057
     0.239     0.958    -0.159
     0.071     0.791    -0.608
     0.247     0.963    -0.109
     0.249     0.688    -0.681
     0.077     0.718    -0.692
     0.161     0.612    -0.775
     0.134     0.758    -0.639
     0.235     0.968    -0.091
     0.333     0.862    -0.381
    -0.078     0.386    -0.919
     0.034     0.667    -0.744
     0.080     0.426    -0.901
     0.163     0.511    -0.844
     0.375     0.531    -0.760
     0.499     0.822    -0.275
     0.207     0.823    -0.529
     0.155     0.828    -0.539
     0.027     0.333    -0.942
     0.393     0.916    -0.083
     0.274     0.743    -0.611
     0.250     0.453     0.856
     0.253     0.559    -0.790
    -0.084     0.418    -0.905
     0.090     0.507    -0.857
     0.122     0.731    -0.671
     0.367     0.846    -0.387
     0.048     0.627     0.778
     0.271     0.962    -0.016
     0.376     0.924    -0.071
     0.315     0.854    -0.414
     0.039     0.828    -0.560
     0.107     0.977    -0.185
     0.014     0.369    -0.929
     0.027     0.638    -0.770
     0.034     0.343    -0.939
    -0.205     0.510    -0.835
     0.201     0.863    -0.464
     0.404     0.661    -0.632
     0.007     0.723    -0.691
     0.134     0.975    -0.176
     0.068     0.717    -0.694
     0.190     0.880    -0.435
     0.399     0.243     0.884
     0.306     0.902    -0.304
    -0.123    -0.435    -0.892
     0.264     0.638    -0.723
    -0.075     0.950    -0.302
     0.034     0.677    -0.735
    -0.126     0.672    -0.730
    -0.083     0.286    -0.955
     0.090     0.265    -0.960
     0.161     0.766    -0.623
     0.330     0.868    -0.372
     0.206     0.978     0.016
    -0.016     0.867    -0.499
     0.319     0.924    -0.213
    -0.103     0.871    -0.481
     0.139     0.678    -0.721
     0.288     0.895    -0.342
     0.200     0.687    -0.699
     0.393     0.896    -0.205
     0.387     0.903    -0.187
     0.044     0.522    -0.852
     0.269     0.855    -0.444
     0.439     0.873     0.210
     0.260     0.888    -0.380
     0.140     0.877    -0.459
     0.174     0.667    -0.724
     0.253     0.915    -0.314
     0.052    -0.515    -0.856
     0.262     0.662     0.703
     0.135     0.752    -0.645
     0.286     0.879    -0.381
    -0.107     0.383    -0.917
     0.287     0.507    -0.813
     0.180     0.863    -0.472
     0.180     0.567    -0.804
     0.144     0.944    -0.296
     0.203     0.709    -0.675
    -0.105    -0.437    -0.893
     0.193     0.707    -0.680
     0.083     0.757    -0.648
     0.056     0.519    -0.853
     0.324     0.819    -0.474
     0.028     0.692    -0.721
     0.055     0.000    -0.999
     0.253     0.902    -0.350
     0.045     0.899    -0.436
     0.401     0.909    -0.114
     0.065     0.291    -0.955
     0.273     0.814    -0.512
     0.242     0.819    -0.520
     0.237     0.631    -0.738
     0.072     0.614    -0.786
     0.264     0.730    -0.631
     0.122     0.701    -0.703
     0.159     0.256    -0.954
     0.318     0.808    -0.496
     0.019     0.953    -0.303
    -0.148     0.859    -0.490
     0.181     0.745     0.642
    -0.083     0.798    -0.597
     0.264     0.941    -0.213
     0.031     0.540    -0.841
     0.070     0.723    -0.687
     0.001     0.439    -0.899
     0.255     0.574    -0.778
     0.096     0.666    -0.740
     0.279     0.922    -0.268
     0.031     0.383    -0.923
     0.071     0.907    -0.414
     0.098     0.776    -0.623
     0.200     0.775    -0.599
     0.424     0.790    -0.442
     0.209     0.971    -0.116
    -0.067     0.443    -0.894
     0.172     0.778    -0.605
     0.274     0.735    -0.620
     0.041     0.701    -0.712
     0.301     0.794    -0.529
     0.163     0.192    -0.968
     0.444     0.685    -0.578
     0.350     0.727    -0.590
     0.280     0.728    -0.626
     0.020     0.563    -0.826
     0.243     0.688    -0.684
     0.101     0.840    -0.533
     0.274     0.926    -0.260
     0.350     0.905    -0.243
     0.402     0.666    -0.629
     0.168     0.792    -0.587
     0.206     0.801    -0.562
    -0.039     0.294    -0.955
    -0.112     0.416    -0.903
     0.135     0.972    -0.194
     0.018     0.613    -0.790
     0.091     0.522    -0.848
     0.269     0.938    -0.220
     0.163     0.429     0.889
     0.178     0.847    -0.501
     0.451     0.854    -0.257
     0.149     0.588    -0.795
     0.283     0.728    -0.624
     0.125     0.945    -0.302
     0.155     0.900    -0.407
     0.069     0.668    -0.741
    -0.012     0.619    -0.785
     0.219     0.775    -0.592
     0.034     0.833    -0.552
     0.052     0.986    -0.160
     0.097     0.739    -0.666
     0.007     0.458    -0.889
     0.269     0.827    -0.493
     0.247     0.961    -0.121
     0.108     0.587    -0.802
    -0.212    -0.374    -0.903
     0.226     0.973     0.043
     0.250     0.917    -0.310
    -0.108     0.263    -0.959
     0.363     0.877    -0.315
     0.150     0.968    -0.201
     0.391     0.906    -0.162
     0.009     0.731    -0.683
     0.062     0.513    -0.856
     0.166     0.972    -0.167
     0.379     0.796    -0.472
     0.278     0.868    -0.412
     0.226     0.890    -0.396
     0.054     0.452    -0.890
     0.174     0.820    -0.545
    -0.079     0.878    -0.471
    -0.021     0.678     0.735
     0.199     0.908    -0.368
     0.044     0.707    -0.705
     0.183     0.829    -0.528
     0.034     0.835    -0.549
     0.259     0.855    -0.449
     0.064     0.658    -0.751
     0.117     0.755    -0.645
     0.154     0.944    -0.291
     0.400     0.899    -0.179
     0.150     0.791    -0.594
     0.225     0.892    -0.392
     0.201     0.964     0.172
    -0.055     0.221    -0.974
     0.227     0.943    -0.244
     0.112     0.176    -0.978
     0.155     0.872    -0.464
     0.487     0.794    -0.364
     0.213     0.767    -0.605
    -0.032    -0.296    -0.955
     0.404     0.858    -0.316
     0.270     0.621    -0.736
    -0.074     0.822    -0.564
     0.261     0.832    -0.489
     0.238     0.625    -0.744
     0.027     0.548    -0.836
     0.165     0.864    -0.477
     0.305     0.932     0.194
     0.192     0.628    -0.754
     0.165     0.739    -0.653
     0.103     0.631    -0.769
     0.306     0.951     0.047
     0.358     0.464     0.810
     0.385     0.815    -0.433
     0.151     0.942    -0.299
     0.447     0.774    -0.448
     0.030     0.699    -0.715
     0.235     0.968     0.084
     0.096     0.450     0.888
     0.367     0.863    -0.346
    -0.088     0.478    -0.874
     0.192     0.875    -0.444
     0.194     0.601    -0.775
     0.158     0.413    -0.897
     0.183     0.894    -0.410
    -0.141    -0.575    -0.806
    -0.022     0.539    -0.842
     0.047     0.979    -0.200
     0.296     0.923     0.244
    -0.046     0.214    -0.976
    -0.005    -0.401    -0.916
     0.038     0.951    -0.308
     0.364     0.920    -0.143
     0.209     0.925    -0.318
    -0.067     0.542    -0.838
     0.407     0.911    -0.068
     0.283     0.952    -0.114
     0.211     0.602    -0.770
     0.196     0.850     0.489
     0.079     0.628     0.774
     0.105     0.524    -0.845
     0.229     0.677    -0.699
     0.167     0.752    -0.637
     0.208     0.809    -0.550
    -0.268    -0.781    -0.563
     0.105     0.612    -0.784
     0.085     0.899    -0.430
    -0.120    -0.515    -0.849
     0.065     0.677    -0.733
     0.038     0.731    -0.682
     0.142     0.989     0.039
     0.058     0.862    -0.504
     0.111     0.894    -0.434
     0.336     0.658     0.674
     0.208     0.878    -0.430
     0.055     0.817    -0.574
     0.138     0.922    -0.361
     0.125     0.782    -0.611
     0.082     0.823    -0.562
     0.436     0.782    -0.445
     0.256     0.663    -0.704
     0.137     0.395    -0.908
     0.083     0.994     0.075
     0.161     0.942    -0.293
     0.080     0.867    -0.492
     0.146     0.545    -0.825
     0.331     0.519    -0.788
     0.030     0.436    -0.899
     0.205     0.786    -0.584
     0.213     0.450     0.867
     0.201     0.937    -0.284
     0.102     0.629    -0.771
    -0.109     0.460    -0.881
    -0.062     0.642    -0.764
     0.202     0.937    -0.284
     0.100     0.812    -0.575
     0.063     0.865    -0.497
    -0.056     0.452    -0.890
     0.081     0.570     0.817
     0.015    -0.187    -0.982
     0.224     0.948    -0.224
     0.109     0.866    -0.488
    -0.040     0.500    -0.865
     0.313     0.923    -0.224
    -0.057     0.788    -0.613
     0.129     0.933    -0.335
     0.340     0.757    -0.557
     0.183     0.822    -0.539
     0.189     0.529    -0.828
     0.215     0.630    -0.746
     0.210     0.716    -0.666
     0.145     0.791    -0.594
     0.021     0.249    -0.968
     0.285     0.940    -0.187
    -0.070     0.655    -0.752
     0.390     0.704    -0.594
     0.131     0.723    -0.679
     0.182     0.403    -0.897
     0.012     0.907    -0.422
    -0.055     0.928    -0.367
     0.253     0.797    -0.548
    -0.076    -0.116    -0.990
     0.273     0.863    -0.425
     0.141     0.546    -0.826
     0.273     0.941    -0.201
     0.066     0.428    -0.902
     0.119     0.868    -0.482
     0.062     0.674    -0.736
    -0.034     0.596    -0.802
    -0.100     0.481    -0.871
    -0.226    -0.515    -0.827
     0.354     0.681     0.641
     0.260     0.312    -0.914
    -0.195    -0.566    -0.801
     0.256     0.941    -0.220
     0.200     0.977    -0.067
     0.112     0.889    -0.444
     0.213     0.649    -0.730
     0.326     0.691    -0.645
     0.167     0.769    -0.618
     0.357     0.925    -0.127
     0.245     0.473    -0.846
     0.301     0.856    -0.421
     0.191     0.824    -0.533
     0.241     0.939    -0.246
     0.344     0.894    -0.288
     0.262     0.960    -0.096
     0.129     0.920    -0.371
     0.009     0.241    -0.971
     0.197     0.727    -0.657
     0.158     0.842    -0.516
     0.101     0.603    -0.791
     0.224     0.699    -0.679
     0.210     0.976    -0.065
     0.147     0.648    -0.748
     0.455     0.591     0.666
     0.055     0.965    -0.256
     0.085     0.530    -0.844
     0.287     0.403     0.869
    -0.096     0.709    -0.699
     0.153     0.917    -0.368
     0.175     0.743    -0.646
     0.178     0.750    -0.637
     0.097     0.780    -0.618
     0.325     0.790     0.520
     0.264     0.792    -0.550
    -0.091    -0.432    -0.897
    -0.003     0.432    -0.902
     0.023     0.673    -0.739
     0.205     0.806    -0.555
     0.295     0.752    -0.590
    -0.189    -0.553    -0.811
     0.258     0.963     0.075
     0.378     0.916    -0.131
     0.262     0.500     0.825
    -0.116     0.665    -0.738
     0.203     0.876    -0.438
     0.257     0.949    -0.186
     0.089     0.123    -0.988
     0.230     0.886    -0.402
     0.174     0.983    -0.061
     0.271     0.925     0.266
     0.071     0.390    -0.918
     0.078     0.711    -0.699
     0.269     0.963     0.016
     0.143     0.526    -0.838
     0.234     0.822    -0.520
     0.141     0.873    -0.467
    -0.024     0.561     0.827
     0.193     0.481    -0.855
     0.362     0.827    -0.431
    -0.135     0.496    -0.857
     0.200     0.918    -0.344
     0.134     0.831    -0.540
     0.202     0.891    -0.405
     0.349     0.698    -0.626
     0.216     0.745    -0.631
     0.072     0.707    -0.704
     0.032     0.926    -0.375
     0.316     0.948     0.033
     0.124     0.831    -0.543
     0.098     0.860    -0.500
     0.253     0.852    -0.458
     0.266     0.932    -0.246
     0.245     0.694    -0.677
     0.262     0.960    -0.097
     0.119     0.743    -0.659
     0.359     0.723    -0.590
     0.053     0.312    -0.948
     0.556     0.822    -0.123
     0.129     0.963    -0.238
     0.199     0.652    -0.731
     0.126     0.530    -0.838
     0.079     0.470    -0.879
     0.056     0.678    -0.733
     0.193     0.793    -0.578
    -0.171     0.809    -0.562
    -0.086    -0.201    -0.976
     0.328     0.943    -0.056
     0.390     0.905    -0.169
     0.066     0.781    -0.622
     0.085     0.658    -0.748
     0.304     0.941    -0.148
     0.200     0.669    -0.715
     0.194     0.817    -0.543
    -0.058     0.909    -0.413
     0.156     0.982    -0.105
     0.041     0.262    -0.964
     0.094     0.461    -0.882
    -0.035     0.761    -0.648
     0.114     0.427    -0.897
     0.257     0.588    -0.767
     0.010     0.783    -0.622
     0.023     0.294    -0.956
    -0.019     0.606    -0.795
    -0.184     0.750    -0.635
    -0.099     0.521    -0.848
     0.478     0.742    -0.470
     0.319     0.331     0.888
     0.142     0.577    -0.804
     0.155     0.665    -0.730
     0.039     0.613    -0.789
     0.339     0.918    -0.207
     0.355     0.665    -0.658
     0.339     0.864    -0.372
     0.132     0.649    -0.750
     0.305     0.621    -0.722
     0.123     0.910    -0.396
     0.095     0.355    -0.930
     0.019     0.412     0.911
    -0.014     0.203    -0.979
    -0.005     0.532    -0.846
     0.346     0.900    -0.263
     0.425     0.852    -0.306
    -0.049     0.830    -0.556
     0.155     0.587    -0.795
     0.120     0.800    -0.588
     0.149     0.987     0.067
     0.015     0.522    -0.853
     0.256     0.422     0.870
     0.115     0.989    -0.087
     0.193     0.955     0.226
     0.170     0.715     0.678
     0.059     0.300    -0.952
     0.161     0.503    -0.849
    -0.004     0.781    -0.624
    -0.093     0.540    -0.836
     0.013     0.403    -0.915
     0.468     0.876    -0.114
     0.073    -0.567    -0.821
     0.213     0.940    -0.268
     0.325     0.423     0.846
     0.149     0.855    -0.496
    -0.136    -0.536    -0.833
     0.099     0.714    -0.694
     0.153     0.907    -0.392
    -0.077     0.380    -0.922
     0.202     0.513    -0.834
    -0.198    -0.441    -0.876
     0.063     0.755    -0.653
     0.245     0.938    -0.247
     0.097     0.728    -0.679
     0.034     0.769    -0.639
     0.311     0.812    -0.494
    -0.045     0.785    -0.618
     0.128     0.654    -0.745
     0.534     0.787    -0.309
     0.239     0.708    -0.664
     0.224     0.336    -0.915
     0.113     0.831    -0.545
     0.269     0.797    -0.540
     0.315     0.942     0.111
     0.198     0.756    -0.624
     0.130     0.226    -0.966
    -0.024     0.727    -0.686
     0.249     0.879    -0.407
     0.130     0.990    -0.054
     0.329     0.895    -0.302
     0.076     0.847    -0.526
    -0.230    -0.511    -0.828
     0.157     0.553    -0.818
     0.088     0.828    -0.554
    -0.003     0.324    -0.946
     0.331     0.774    -0.540
     0.161     0.625    -0.764
     0.166     0.914    -0.370
     0.182     0.553    -0.813
     0.068     0.694    -0.717
    -0.213    -0.348    -0.913
     0.211     0.831    -0.514
     0.149     0.884    -0.443
     0.309     0.932     0.192
     0.050     0.735    -0.676
     0.187     0.818    -0.545
     0.227     0.972    -0.061
     0.031     0.504     0.863
    -0.031     0.847    -0.530
    -0.088     0.924    -0.373
    -0.185    -0.668    -0.720
     0.239     0.799    -0.552
     0.115     0.919    -0.377
     0.196     0.919    -0.343
     0.087     0.340    -0.936
     0.121     0.547    -0.828
     0.276     0.960     0.051
     0.111     0.659    -0.744
     0.204     0.770    -0.605
     0.383     0.924    -0.016
     0.206     0.978    -0.020
     0.185     0.975    -0.126
    -0.334    -0.432    -0.838
     0.226     0.847    -0.480
    -0.003     0.846    -0.534
     0.262     0.963    -0.055
     0.279     0.869    -0.409
     0.154     0.551     0.820
     0.140     0.737    -0.661
     0.087     0.243    -0.966
     0.213     0.977     0.020
     0.290     0.918    -0.272
     0.128     0.988    -0.087
     0.330     0.940    -0.089
    -0.104     0.706    -0.700
     0.155     0.586    -0.796
    -0.224     0.469    -0.854
     0.189     0.946    -0.263
     0.088     0.797    -0.597
     0.367     0.905     0.214
     0.238     0.525     0.817
     0.053     0.847    -0.529
     0.195     0.713    -0.673
     0.166     0.965    -0.202
     0.160     0.778    -0.607
     0.049     0.708    -0.704
     0.179     0.785    -0.593
     0.237     0.963    -0.130
     0.236     0.944    -0.229
     0.246     0.958    -0.145
     0.182     0.830    -0.527
     0.314     0.923    -0.221
     0.385     0.704    -0.597
     0.384     0.702    -0.600
    -0.141     0.553    -0.821
    -0.032     0.501    -0.865
     0.241     0.333     0.912
     0.373     0.870    -0.324
     0.151     0.805    -0.574
     0.198     0.808    -0.556
     0.091     0.603    -0.792
     0.379     0.767    -0.518
     0.258     0.626    -0.736
    -0.148     0.588    -0.795
     0.221     0.631     0.744
     0.243     0.871    -0.427
     0.267     0.886    -0.380
     0.172     0.981    -0.090
     0.217     0.352    -0.911
     0.126     0.656    -0.744
     0.252     0.916    -0.312
     0.137     0.868    -0.477
    -0.131    -0.515    -0.847
     0.149     0.829    -0.539
    -0.006     0.508     0.861
     0.155     0.620    -0.769
    -0.164    -0.682    -0.713
     0.147     0.684    -0.715
     0.291     0.952    -0.096
     0.193     0.671    -0.716
     0.386     0.455     0.802
     0.195     0.901    -0.388
     0.157     0.220    -0.963
    -0.113     0.340    -0.934
     0.387     0.301     0.872
     0.165     0.813    -0.559
     0.163     0.973    -0.166
     0.066     0.888    -0.455
     0.134     0.688    -0.714
     0.216     0.833    -0.510
     0.175     0.759    -0.628
     0.237     0.751    -0.616
     0.293     0.931    -0.216
     0.089     0.646    -0.758
     0.113     0.606    -0.788
    -0.002     0.402    -0.916
     0.157     0.475    -0.866
    -0.060     0.564    -0.823
     0.118     0.627    -0.770
     0.091     0.637    -0.766
     0.255     0.871    -0.420
     0.126     0.896    -0.426
     0.157     0.626     0.764
    -0.044     0.465    -0.884
     0.175     0.789    -0.589
    -0.026     0.435    -0.900
     0.384     0.536    -0.752
     0.140     0.934    -0.329
     0.123     0.512    -0.850
    -0.185     0.472    -0.862
     0.275     0.451    -0.849
     0.121     0.747    -0.654
     0.164     0.846    -0.508
     0.219     0.535    -0.816
     0.149     0.979    -0.143
     0.151     0.602     0.784
     0.002     0.573    -0.820
     0.028     0.469    -0.883
     0.073     0.204    -0.976
     0.398     0.478    -0.783
     0.159     0.251    -0.955
     0.375     0.806    -0.457
     0.082     0.590    -0.803
     0.063     0.441    -0.895
     0.160     0.686    -0.710
     0.222     0.690    -0.689
     0.369     0.294     0.882
     0.108     0.928    -0.356
     0.121     0.834    -0.538
    -0.085     0.605    -0.792
     0.151     0.905    -0.398
    -0.087     0.668    -0.739
     0.115     0.913    -0.391
     0.504     0.856    -0.117
     0.135     0.792    -0.596
     0.061     0.866    -0.497
     0.047     0.477    -0.878
     0.060     0.631    -0.773
     0.277     0.559    -0.782
    -0.136     0.966    -0.221
    -0.054     0.543    -0.838
     0.144     0.901    -0.409
     0.380     0.773    -0.508
    -0.080     0.523    -0.848
     0.072     0.908    -0.412
    -0.224    -0.383    -0.896
     0.282     0.939    -0.199
     0.056     0.695    -0.717
     0.104     0.731    -0.675
     0.023     0.732    -0.681
     0.023     0.993     0.112
    -0.188    -0.648    -0.738
     0.170     0.697    -0.697
    -0.049     0.457    -0.888
     0.064     0.828    -0.557
     0.271     0.865    -0.423
     0.269     0.944     0.190
     0.097     0.598    -0.796
     0.019     0.754    -0.657
     0.259     0.913    -0.315
     0.358     0.882    -0.307
    -0.277    -0.700    -0.658
     0.220     0.975     0.036
     0.157     0.987     0.027
     0.106     0.979    -0.175
     0.122     0.722    -0.681
     0.008     0.432    -0.902
     0.111     0.739    -0.665
    -0.017     0.368    -0.930
     0.031     0.404    -0.914
     0.513     0.832    -0.213
     0.534     0.807     0.254
     0.218     0.869    -0.445
    -0.088     0.581    -0.809
     0.028     0.287    -0.957
     0.039     0.662    -0.748
     0.077     0.378    -0.922
     0.471     0.878    -0.088
    -0.112    -0.440    -0.891
     0.041     0.562    -0.826
     0.207     0.975    -0.083
     0.114     0.588    -0.800
    -0.002     0.792    -0.610
     0.133     0.835    -0.534
     0.065     0.766    -0.639
     0.145     0.634    -0.760
     0.238     0.682     0.692
     0.255     0.754    -0.605
     0.217     0.885    -0.411
     0.329     0.892    -0.310
    -0.108    -0.305    -0.946
     0.092     0.903    -0.419
     0.305     0.942    -0.137
    -0.032     0.380    -0.925
     0.333     0.859    -0.389
     0.202     0.237    -0.950
     0.032     0.852    -0.522
     0.048     0.778    -0.626
     0.007     0.257    -0.966
     0.220     0.877    -0.427
     0.051     0.841    -0.538
     0.017     0.446    -0.895
     0.165     0.986    -0.001
     0.373     0.771    -0.516
     0.071     0.754    -0.653
     0.209     0.882    -0.422
     0.148     0.979    -0.141
     0.103     0.843    -0.528
     0.056     0.670    -0.740
     0.096     0.602    -0.793
     0.238     0.861    -0.449
     0.220     0.975    -0.037
     0.228     0.747    -0.624
    -0.030     0.690    -0.723
     0.110     0.702    -0.704
     0.178     0.887    -0.426
     0.026     0.877    -0.480
     0.208     0.872    -0.444
     0.123     0.751    -0.649
    -0.154     0.495    -0.855
    -0.205    -0.548    -0.811
     0.227     0.920    -0.321
     0.211     0.905    -0.370
    -0.360    -0.632    -0.686
     0.248     0.396    -0.884
     0.093     0.394    -0.914
     0.102     0.415    -0.904
     0.251     0.968    -0.008
     0.007     0.459    -0.888
    -0.199    -0.338    -0.920
     0.179     0.607    -0.774
     0.051     0.769    -0.638
     0.266     0.755    -0.599
     0.280     0.862    -0.422
     0.415     0.823    -0.389
     0.150     0.259    -0.954
     0.217     0.974     0.070
     0.158     0.973    -0.167
     0.089     0.731    -0.677
     0.285     0.852    -0.440
     0.106     0.976    -0.192
    -0.115    -0.426    -0.897
     0.199     0.815    -0.545
     0.053     0.799    -0.600
     0.113     0.599    -0.793
     0.166     0.949    -0.267
     0.246     0.860    -0.447
     0.221     0.673    -0.706
    -0.225    -0.638    -0.737
     0.111     0.538    -0.835
     0.140     0.781    -0.608
     0.147     0.448    -0.882
    -0.123    -0.486    -0.865
    -0.060     0.578    -0.814
     0.280     0.932    -0.231
     0.006     0.918    -0.397
     0.129     0.687     0.715
     0.027     0.697    -0.717
     0.048     0.870    -0.491
     0.247     0.876    -0.413
     0.271     0.605    -0.749
     0.243     0.952    -0.188
     0.413     0.894    -0.175
     0.387     0.917    -0.098
     0.228     0.840    -0.492
     0.185     0.316    -0.931
     0.182     0.746    -0.641
    -0.228    -0.544    -0.807
    -0.240    -0.646    -0.725
     0.128     0.943    -0.307
    -0.039     0.434    -0.900
     0.065     0.678    -0.732
     0.416     0.897     0.151
    -0.041     0.619    -0.784
     0.424     0.852    -0.308
     0.032     0.608    -0.793
     0.194     0.884    -0.426
     0.237     0.909    -0.341
     0.204     0.903    -0.379
     0.264     0.872    -0.412
     0.058     0.879    -0.473
     0.167     0.950    -0.263
     0.340     0.939     0.053
     0.273     0.916    -0.292
    -0.129     0.249    -0.960
     0.137     0.644    -0.753
     0.050     0.691    -0.721
    -0.085    -0.422    -0.903
     0.126     0.527    -0.840
     0.326     0.939     0.108
     0.346     0.936    -0.065
     0.228     0.647    -0.727
     0.359     0.930    -0.074
    -0.246    -0.311    -0.918
     0.150     0.528    -0.836
    -0.066     0.346    -0.936
     0.141     0.810    -0.569
     0.277     0.961    -0.009
     0.153     0.872    -0.464
     0.343     0.769    -0.539
     0.198     0.755    -0.625
     0.071     0.789    -0.610
     0.133     0.982    -0.136
     0.298     0.937    -0.180
     0.179     0.309    -0.934
     0.064     0.810    -0.583
     0.046     0.538    -0.842
     0.341     0.907    -0.248
     0.271     0.624    -0.733
     0.038     0.766     0.641
     0.234     0.970    -0.065
     0.378     0.228    -0.897
     0.136     0.989    -0.065
    -0.118     0.272    -0.955
     0.250     0.787    -0.564
    -0.014     0.158    -0.987
     0.229     0.745    -0.627
     0.120     0.980    -0.159
     0.091     0.374    -0.923
     0.374     0.888    -0.269
     0.075     0.509    -0.858
    -0.034     0.738    -0.674
    -0.092     0.407    -0.909
     0.241     0.639    -0.731
    -0.144    -0.621    -0.770
     0.337     0.532     0.777
     0.276     0.924    -0.264
     0.102     0.908    -0.407
     0.098     0.431    -0.897
     0.404     0.914     0.037
     0.189     0.485    -0.854
     0.361     0.928     0.088
     0.372     0.767    -0.523
    -0.189     0.342    -0.921
     0.323     0.896    -0.305
     0.386     0.922    -0.034
     0.147     0.787    -0.599
     0.277     0.685    -0.674
     0.214     0.895    -0.392
     0.099     0.995    -0.016
     0.101     0.563    -0.820
     0.179     0.567     0.804
    -0.420    -0.305    -0.855
     0.154     0.657    -0.738
     0.166     0.844    -0.510
     0.358     0.583    -0.729
     0.140     0.503    -0.853
     0.168     0.916    -0.364
     0.218     0.971    -0.097
     0.023     0.946    -0.323
     0.081     0.523    -0.849
     0.225     0.973    -0.043
     0.214     0.697    -0.685
    -0.041     0.623    -0.781
     0.124     0.934    -0.335
     0.149     0.874    -0.462
     0.326     0.601    -0.730
     0.205     0.869    -0.450
     0.237     0.881    -0.410
    -0.184     0.430    -0.884
     0.128     0.882    -0.453
     0.049     0.743    -0.667
     0.275     0.929    -0.249
     0.386     0.818    -0.427
     0.251     0.968     0.013
     0.127     0.877    -0.464
     0.111     0.846    -0.522
     0.349     0.677    -0.647
     0.091     0.899    -0.429
    -0.254    -0.432    -0.865
     0.221     0.972    -0.080
     0.211     0.619    -0.756
     0.281     0.945    -0.169
     0.287     0.909    -0.301
     0.060     0.707    -0.705
     0.148     0.655    -0.741
     0.132     0.503     0.854
     0.307     0.734    -0.606
     0.117     0.964    -0.238
    -0.084     0.584    -0.808
     0.240     0.804    -0.544
     0.213     0.797    -0.565
     0.171     0.544    -0.822
     0.120     0.961    -0.248
     0.316     0.675    -0.667
     0.288     0.934    -0.211
     0.208     0.934    -0.291
     0.186     0.527    -0.829
     0.065     0.849    -0.524
    -0.123     0.472    -0.873
     0.181     0.663    -0.726
    -0.080     0.698    -0.712
     0.186     0.823    -0.536
    -0.011     0.359    -0.933
     0.188     0.931    -0.312
     0.003     0.294    -0.956
     0.226     0.512    -0.829
     0.093     0.630     0.771
     0.036     0.268    -0.963
     0.287     0.827    -0.483
     0.183     0.413    -0.892
     0.268     0.615    -0.742
     0.226     0.974    -0.007
     0.286     0.087     0.954
     0.176     0.777    -0.605
     0.203     0.877    -0.436
    -0.095     0.442    -0.892
     0.376     0.885    -0.274
     0.168     0.408    -0.897
     0.237     0.958    -0.161
     0.300     0.705    -0.643
     0.055     0.272    -0.961
    -0.067     0.955    -0.289
     0.259     0.441     0.859
    -0.145     0.320    -0.936
     0.180     0.868    -0.462
     0.145     0.596    -0.790
     0.345     0.935    -0.082
     0.250     0.810    -0.530
     0.123     0.818    -0.562
     0.204     0.410    -0.889
     0.259     0.659    -0.706
     0.254     0.967     0.025
     0.195     0.844    -0.500
     0.221     0.750    -0.624
     0.035     0.584    -0.811
    -0.036    -0.670    -0.742
     0.274     0.751    -0.601
    -0.447    -0.384    -0.808
     0.145     0.855    -0.498
     0.132     0.752    -0.645
     0.082     0.264    -0.961
     0.281     0.892    -0.353
     0.253     0.967    -0.044
     0.104     0.703    -0.704
     0.157     0.811    -0.564
     0.223     0.713    -0.665
