    -0.540     0.018    -0.842
    -0.399    -0.034    -0.916
    -0.334    -0.065    -0.940
    -0.344     0.001    -0.939
    -0.507     0.055    -0.860
    -0.478    -0.082    -0.875
    -0.345     0.022    -0.938
    -0.287     0.177    -0.941
    -0.665    -0.292    -0.687
    -0.637    -0.165    -0.753
    -0.507    -0.093    -0.857
    -0.063     0.379    -0.923
    -0.373     0.066    -0.925
    -0.299     0.014    -0.954
    -0.368     0.082    -0.926
    -0.569    -0.134    -0.811
    -0.454    -0.094    -0.886
    -0.796    -0.339    -0.502
    -0.305     0.252    -0.918
    -0.585    -0.176    -0.792
    -0.385     0.133    -0.913
    -0.457     0.099    -0.884
    -0.242     0.066    -0.968
    -0.607    -0.230    -0.761
    -0.438     0.029    -0.898
    -0.473    -0.111    -0.874
    -0.579    -0.154    -0.801
    -0.297     0.178    -0.938
    -0.673    -0.217    -0.707
    -0.519    -0.066    -0.852
    -0.343    -0.020    -0.939
    -0.582    -0.191    -0.790
    -0.694    -0.203    -0.690
    -0.592    -0.196    -0.782
    -0.640    -0.214    -0.738
    -0.721    -0.184    -0.668
    -0.374    -0.009    -0.927
    -0.394     0.010    -0.919
    -0.691    -0.301    -0.657
    -0.682    -0.183    -0.708
    -0.344     0.014    -0.939
    -0.490    -0.131    -0.862
    -0.528    -0.276    -0.803
    -0.153     0.103    -0.983
    -0.336    -0.038    -0.941
    -0.412     0.086    -0.907
    -0.455    -0.036    -0.890
    -0.261     0.219    -0.940
    -0.419     0.025    -0.908
    -0.507    -0.339    -0.793
    -0.206     0.198    -0.958
    -0.559    -0.020    -0.829
    -0.663    -0.197    -0.722
    -0.547     0.063    -0.835
    -0.563     0.011    -0.826
    -0.316     0.119    -0.941
    -0.490     0.005    -0.872
    -0.552     0.048    -0.832
    -0.355     0.089    -0.931
    -0.378    -0.117    -0.918
    -0.305     0.133    -0.943
    -0.671    -0.217    -0.709
    -0.442    -0.213    -0.872
    -0.606    -0.067    -0.793
    -0.108     0.290    -0.951
    -0.540    -0.163    -0.826
    -0.289     0.151    -0.945
    -0.248     0.256    -0.934
    -0.345     0.153    -0.926
    -0.241     0.117    -0.963
    -0.537    -0.228    -0.812
    -0.514    -0.148    -0.845
    -0.354     0.009    -0.935
    -0.140     0.274    -0.952
    -0.474    -0.112    -0.874
    -0.513    -0.230    -0.827
    -0.273     0.082    -0.958
    -0.291     0.148    -0.945
    -0.489    -0.216    -0.845
    -0.434    -0.158    -0.887
    -0.617    -0.125    -0.777
    -0.590    -0.197    -0.783
    -0.452     0.030    -0.892
    -0.533     0.002    -0.846
    -0.263     0.030    -0.964
    -0.422    -0.059    -0.905
    -0.129     0.207    -0.970
    -0.305     0.017    -0.952
    -0.391     0.008    -0.920
    -0.247     0.033    -0.969
    -0.356     0.096    -0.929
    -0.200     0.350    -0.915
    -0.555    -0.234    -0.798
    -0.615    -0.243    -0.750
    -0.515    -0.076    -0.854
    -0.448    -0.156    -0.881
    -0.295     0.124    -0.948
    -0.393    -0.078    -0.916
    -0.433     0.046    -0.900
    -0.379     0.028    -0.925
    -0.204     0.237    -0.950
    -0.638    -0.225    -0.737
    -0.715    -0.371    -0.593
    -0.557    -0.064    -0.828
    -0.446    -0.002    -0.895
    -0.268     0.023    -0.963
    -0.150     0.248    -0.957
    -0.326     0.261    -0.909
    -0.422     0.015    -0.906
    -0.201     0.098    -0.975
    -0.170     0.298    -0.939
    -0.693    -0.228    -0.684
    -0.776    -0.365    -0.514
    -0.331     0.155    -0.931
    -0.619    -0.161    -0.769
    -0.172     0.237    -0.956
    -0.635    -0.147    -0.758
    -0.576    -0.217    -0.788
    -0.594    -0.029    -0.804
    -0.401     0.081    -0.912
    -0.350     0.022    -0.937
    -0.375     0.279    -0.884
    -0.412     0.152    -0.899
    -0.368     0.092    -0.925
    -0.609    -0.101    -0.787
    -0.249     0.209    -0.946
    -0.423     0.106    -0.900
    -0.672    -0.222    -0.706
    -0.416     0.150    -0.897
    -0.240     0.143    -0.960
    -0.531    -0.018    -0.847
    -0.187     0.189    -0.964
    -0.461     0.029    -0.887
    -0.524    -0.292    -0.800
    -0.438     0.022    -0.899
    -0.458     0.094    -0.884
    -0.242     0.278    -0.930
    -0.611    -0.100    -0.785
    -0.296     0.167    -0.940
    -0.256     0.033    -0.966
    -0.474    -0.031    -0.880
    -0.579    -0.020    -0.815
    -0.540    -0.020    -0.841
    -0.388     0.005    -0.922
    -0.222     0.179    -0.958
    -0.537    -0.106    -0.837
    -0.284     0.127    -0.950
    -0.668    -0.182    -0.721
    -0.605    -0.253    -0.755
    -0.179     0.154    -0.972
    -0.295     0.317    -0.901
    -0.529     0.118    -0.841
    -0.567    -0.107    -0.816
    -0.350    -0.308    -0.885
    -0.406    -0.037    -0.913
    -0.639    -0.160    -0.752
    -0.697    -0.261    -0.668
    -0.568    -0.144    -0.810
    -0.599    -0.264    -0.756
    -0.406    -0.024    -0.914
    -0.425    -0.068    -0.903
    -0.559     0.020    -0.829
    -0.476    -0.242    -0.846
    -0.360     0.144    -0.922
    -0.620    -0.144    -0.772
    -0.299    -0.040    -0.954
    -0.362    -0.180    -0.915
    -0.413    -0.095    -0.906
    -0.509     0.008    -0.861
    -0.402     0.066    -0.913
    -0.378     0.069    -0.923
    -0.423     0.009    -0.906
    -0.597    -0.040    -0.802
    -0.592    -0.188    -0.784
    -0.608    -0.206    -0.767
    -0.259     0.242    -0.935
    -0.638    -0.071    -0.767
    -0.597    -0.159    -0.786
    -0.508    -0.174    -0.843
    -0.445    -0.067    -0.893
    -0.552    -0.201    -0.809
    -0.444    -0.010    -0.896
    -0.645    -0.118    -0.755
    -0.422     0.055    -0.905
    -0.411    -0.004    -0.912
    -0.542    -0.145    -0.828
    -0.316     0.224    -0.922
    -0.531    -0.250    -0.810
    -0.562    -0.102    -0.821
    -0.609    -0.231    -0.759
    -0.369    -0.052    -0.928
    -0.496    -0.204    -0.844
    -0.527    -0.092    -0.845
    -0.430     0.013    -0.903
    -0.408     0.018    -0.913
    -0.653    -0.163    -0.740
    -0.389     0.046    -0.920
    -0.296     0.119    -0.948
    -0.625    -0.195    -0.756
    -0.450    -0.045    -0.892
    -0.546    -0.280    -0.790
    -0.313     0.125    -0.941
    -0.640    -0.095    -0.763
    -0.322    -0.108    -0.941
    -0.477    -0.070    -0.876
    -0.723    -0.161    -0.671
    -0.226     0.245    -0.943
    -0.455     0.026    -0.890
    -0.555    -0.095    -0.827
    -0.308     0.268    -0.913
    -0.724    -0.245    -0.645
    -0.623    -0.255    -0.739
    -0.489    -0.065    -0.870
    -0.339     0.101    -0.936
    -0.472    -0.163    -0.866
    -0.390     0.091    -0.916
    -0.577    -0.123    -0.808
    -0.382     0.071    -0.922
    -0.408     0.146    -0.901
    -0.390     0.222    -0.894
    -0.661    -0.205    -0.722
    -0.375     0.202    -0.905
    -0.574    -0.318    -0.755
    -0.291     0.169    -0.942
    -0.533    -0.071    -0.843
    -0.555    -0.144    -0.819
    -0.610    -0.144    -0.779
    -0.683    -0.314    -0.660
    -0.496     0.044    -0.867
    -0.352     0.187    -0.917
    -0.244     0.178    -0.953
    -0.415    -0.044    -0.909
    -0.367    -0.033    -0.930
    -0.307     0.150    -0.940
    -0.369     0.153    -0.917
    -0.651    -0.159    -0.743
    -0.593    -0.330    -0.734
    -0.548    -0.044    -0.835
    -0.174     0.229    -0.958
    -0.649    -0.097    -0.754
    -0.164     0.347    -0.923
    -0.408    -0.159    -0.899
    -0.693    -0.257    -0.673
    -0.434     0.047    -0.900
    -0.517    -0.019    -0.856
    -0.558    -0.139    -0.818
    -0.383    -0.027    -0.923
    -0.557    -0.107    -0.824
    -0.264     0.124    -0.957
    -0.361     0.031    -0.932
    -0.542    -0.037    -0.840
    -0.508    -0.220    -0.833
    -0.219     0.272    -0.937
    -0.223     0.097    -0.970
    -0.499    -0.119    -0.859
    -0.423    -0.012    -0.906
    -0.147     0.078    -0.986
    -0.341     0.081    -0.937
    -0.313     0.037    -0.949
    -0.408     0.094    -0.908
    -0.413    -0.049    -0.910
    -0.575    -0.075    -0.814
    -0.507    -0.056    -0.860
    -0.183     0.142    -0.973
    -0.286     0.331    -0.899
    -0.595    -0.187    -0.781
    -0.460    -0.124    -0.880
    -0.613     0.012    -0.790
    -0.422     0.091    -0.902
    -0.523    -0.117    -0.844
    -0.393     0.001    -0.920
    -0.388     0.168    -0.906
    -0.460     0.251    -0.852
    -0.488    -0.004    -0.873
    -0.356     0.193    -0.914
    -0.442     0.038    -0.896
    -0.437     0.050    -0.898
    -0.273     0.144    -0.951
    -0.448    -0.110    -0.887
    -0.648    -0.127    -0.751
    -0.527    -0.100    -0.844
    -0.482    -0.251    -0.839
    -0.350     0.192    -0.917
    -0.284     0.211    -0.935
    -0.235     0.163    -0.958
    -0.503    -0.077    -0.861
    -0.395    -0.061    -0.916
    -0.211     0.279    -0.937
    -0.255     0.205    -0.945
    -0.622    -0.259    -0.739
    -0.498    -0.138    -0.856
    -0.584    -0.160    -0.796
    -0.047     0.188    -0.981
    -0.510    -0.084    -0.856
    -0.600    -0.437    -0.670
    -0.470    -0.073    -0.879
    -0.739    -0.310    -0.598
    -0.433     0.134    -0.891
    -0.616    -0.088    -0.783
    -0.420     0.138    -0.897
    -0.246     0.282    -0.927
    -0.509    -0.072    -0.858
    -0.200     0.248    -0.948
    -0.548    -0.090    -0.832
    -0.365    -0.033    -0.930
    -0.483     0.003    -0.875
    -0.615    -0.120    -0.780
    -0.411     0.266    -0.872
    -0.338     0.261    -0.904
    -0.705    -0.407    -0.580
    -0.121     0.265    -0.957
    -0.372     0.171    -0.913
    -0.485    -0.031    -0.874
    -0.240     0.296    -0.925
    -0.304     0.256    -0.918
    -0.232     0.203    -0.951
    -0.579    -0.240    -0.779
    -0.572     0.020    -0.820
    -0.434    -0.056    -0.899
    -0.403     0.247    -0.881
    -0.556    -0.012    -0.831
    -0.459    -0.149    -0.876
    -0.547    -0.043    -0.836
    -0.235     0.218    -0.947
    -0.489    -0.015    -0.872
    -0.489    -0.139    -0.861
    -0.354     0.148    -0.923
    -0.259     0.266    -0.928
    -0.360     0.094    -0.928
    -0.446    -0.094    -0.890
    -0.556    -0.169    -0.814
    -0.576    -0.150    -0.803
    -0.293     0.121    -0.949
    -0.448    -0.007    -0.894
    -0.577    -0.150    -0.803
    -0.504    -0.113    -0.856
    -0.520    -0.030    -0.854
    -0.205     0.250    -0.946
    -0.533    -0.000    -0.846
    -0.574    -0.054    -0.817
    -0.613    -0.259    -0.747
    -0.613    -0.217    -0.760
    -0.619    -0.179    -0.765
    -0.504    -0.082    -0.860
    -0.375     0.046    -0.926
    -0.328     0.145    -0.934
    -0.475    -0.285    -0.833
    -0.130     0.432    -0.892
    -0.371     0.160    -0.915
    -0.481    -0.155    -0.863
    -0.589    -0.301    -0.750
    -0.359    -0.047    -0.932
    -0.508     0.037    -0.860
    -0.529    -0.112    -0.841
    -0.336    -0.005    -0.942
    -0.487    -0.070    -0.871
    -0.162     0.357    -0.920
    -0.670    -0.124    -0.732
    -0.324     0.217    -0.921
    -0.641    -0.361    -0.677
    -0.619    -0.193    -0.761
    -0.503    -0.171    -0.847
    -0.441    -0.041    -0.897
    -0.563     0.075    -0.823
    -0.118     0.222    -0.968
    -0.380    -0.082    -0.921
    -0.324     0.128    -0.937
    -0.632    -0.033    -0.774
    -0.621    -0.118    -0.775
    -0.483     0.023    -0.875
    -0.193     0.186    -0.964
    -0.560    -0.200    -0.804
    -0.407    -0.103    -0.908
    -0.218     0.066    -0.974
    -0.355     0.167    -0.920
    -0.546     0.027    -0.837
    -0.588    -0.279    -0.760
    -0.469     0.133    -0.873
    -0.152     0.315    -0.937
    -0.605    -0.097    -0.791
    -0.568    -0.293    -0.769
    -0.618    -0.124    -0.777
    -0.652    -0.142    -0.745
    -0.584    -0.176    -0.792
    -0.502    -0.251    -0.827
    -0.536     0.052    -0.843
    -0.394     0.209    -0.895
    -0.356     0.101    -0.929
    -0.645    -0.315    -0.696
    -0.646    -0.421    -0.637
    -0.431     0.105    -0.896
    -0.597    -0.307    -0.742
    -0.570    -0.112    -0.814
    -0.535    -0.087    -0.840
    -0.599    -0.224    -0.769
    -0.672    -0.406    -0.620
    -0.233     0.079    -0.969
    -0.524    -0.088    -0.847
    -0.487     0.047    -0.872
    -0.495     0.040    -0.868
    -0.179     0.196    -0.964
    -0.066     0.441    -0.895
    -0.430    -0.018    -0.903
    -0.650    -0.208    -0.731
    -0.663    -0.257    -0.703
    -0.418    -0.028    -0.908
    -0.333     0.127    -0.934
    -0.494    -0.097    -0.864
    -0.637    -0.233    -0.735
    -0.471     0.005    -0.882
    -0.646    -0.264    -0.716
    -0.272     0.095    -0.958
    -0.282     0.071    -0.957
    -0.256     0.191    -0.948
    -0.538    -0.177    -0.824
    -0.462    -0.018    -0.887
    -0.388    -0.007    -0.922
    -0.355     0.081    -0.931
    -0.499    -0.003    -0.866
    -0.159     0.344    -0.926
    -0.493    -0.007    -0.870
    -0.334     0.032    -0.942
    -0.539    -0.216    -0.814
    -0.558    -0.096    -0.825
    -0.382     0.181    -0.906
    -0.535    -0.269    -0.801
    -0.478    -0.103    -0.872
    -0.402    -0.059    -0.914
    -0.376     0.139    -0.916
    -0.713    -0.160    -0.682
    -0.603    -0.240    -0.761
    -0.667    -0.105    -0.738
    -0.403     0.112    -0.908
    -0.469     0.088    -0.879
    -0.467    -0.273    -0.841
    -0.592    -0.238    -0.770
    -0.308     0.043    -0.950
    -0.364     0.040    -0.930
    -0.601    -0.111    -0.791
    -0.491     0.036    -0.871
    -0.567     0.048    -0.823
    -0.640    -0.147    -0.755
    -0.638    -0.265    -0.723
    -0.409     0.004    -0.912
    -0.570    -0.116    -0.814
    -0.597    -0.126    -0.793
    -0.472     0.099    -0.876
    -0.429     0.169    -0.887
    -0.347     0.094    -0.933
    -0.588    -0.195    -0.785
    -0.496    -0.168    -0.852
    -0.303     0.171    -0.937
    -0.430    -0.206    -0.879
    -0.496    -0.127    -0.859
    -0.656    -0.337    -0.676
    -0.648    -0.119    -0.753
    -0.670    -0.355    -0.652
    -0.422    -0.087    -0.902
    -0.231     0.041    -0.972
    -0.481    -0.061    -0.875
    -0.517    -0.144    -0.844
    -0.284     0.129    -0.950
    -0.554    -0.151    -0.819
    -0.461    -0.092    -0.883
    -0.383     0.124    -0.915
    -0.632    -0.129    -0.764
    -0.491    -0.129    -0.861
    -0.492     0.076    -0.867
    -0.434    -0.029    -0.900
    -0.507    -0.075    -0.859
    -0.532    -0.148    -0.834
    -0.631    -0.311    -0.710
    -0.224     0.062    -0.973
    -0.588    -0.007    -0.809
    -0.422    -0.154    -0.894
    -0.536     0.045    -0.843
    -0.506    -0.134    -0.852
    -0.030     0.323    -0.946
    -0.247     0.289    -0.925
    -0.517    -0.119    -0.848
    -0.636    -0.053    -0.770
    -0.251     0.210    -0.945
    -0.739    -0.213    -0.639
    -0.358    -0.069    -0.931
    -0.244    -0.001    -0.970
    -0.567     0.055    -0.822
    -0.620    -0.051    -0.783
    -0.371     0.146    -0.917
    -0.094     0.197    -0.976
    -0.531     0.058    -0.846
    -0.339     0.032    -0.940
    -0.307     0.034    -0.951
    -0.425    -0.015    -0.905
    -0.612    -0.216    -0.761
    -0.388     0.188    -0.902
    -0.291     0.200    -0.935
    -0.430    -0.065    -0.901
    -0.543    -0.104    -0.833
    -0.508     0.035    -0.861
    -0.695    -0.353    -0.627
    -0.495    -0.049    -0.867
    -0.388    -0.058    -0.920
    -0.448     0.134    -0.884
    -0.335     0.111    -0.936
    -0.503    -0.287    -0.815
    -0.641    -0.185    -0.745
    -0.507    -0.166    -0.846
    -0.505    -0.119    -0.855
    -0.575    -0.073    -0.815
    -0.628    -0.336    -0.702
    -0.343    -0.022    -0.939
    -0.415    -0.026    -0.910
    -0.695    -0.241    -0.678
    -0.458    -0.114    -0.882
    -0.339    -0.001    -0.941
    -0.147     0.097    -0.984
    -0.388     0.157    -0.908
    -0.343     0.143    -0.928
    -0.602    -0.161    -0.782
    -0.620    -0.398    -0.676
    -0.592     0.070    -0.803
    -0.390     0.106    -0.915
    -0.660    -0.269    -0.701
    -0.494     0.017    -0.869
    -0.180     0.268    -0.947
    -0.111     0.413    -0.904
    -0.599    -0.170    -0.782
    -0.264     0.123    -0.957
    -0.672    -0.199    -0.714
    -0.393    -0.078    -0.916
    -0.331     0.162    -0.929
    -0.531    -0.138    -0.836
    -0.145     0.311    -0.939
    -0.663    -0.382    -0.644
    -0.370    -0.089    -0.925
    -0.347     0.085    -0.934
    -0.361    -0.038    -0.932
    -0.341     0.130    -0.931
    -0.399     0.038    -0.916
    -0.400    -0.086    -0.913
    -0.647    -0.174    -0.742
    -0.491    -0.039    -0.870
    -0.310     0.109    -0.945
    -0.510    -0.100    -0.854
    -0.544     0.077    -0.835
    -0.182     0.282    -0.942
    -0.520     0.044    -0.853
    -0.527    -0.225    -0.820
    -0.558    -0.104    -0.823
    -0.556    -0.159    -0.816
    -0.198     0.159    -0.967
    -0.411     0.030    -0.911
    -0.382     0.025    -0.924
    -0.344     0.149    -0.927
    -0.543     0.078    -0.836
    -0.330     0.067    -0.941
    -0.488    -0.010    -0.873
    -0.394     0.063    -0.917
    -0.510     0.137    -0.849
    -0.530    -0.210    -0.822
    -0.611    -0.195    -0.767
    -0.591    -0.132    -0.796
    -0.686    -0.187    -0.704
    -0.449    -0.187    -0.874
    -0.387    -0.112    -0.915
    -0.356     0.018    -0.934
    -0.727    -0.162    -0.667
    -0.269     0.335    -0.903
    -0.543    -0.070    -0.837
    -0.464     0.029    -0.885
    -0.522    -0.091    -0.848
    -0.376     0.174    -0.910
    -0.565    -0.179    -0.805
    -0.494    -0.055    -0.868
    -0.310     0.131    -0.942
    -0.416     0.013    -0.909
    -0.511    -0.117    -0.851
    -0.386    -0.134    -0.913
    -0.405    -0.163    -0.900
    -0.380     0.018    -0.925
    -0.629    -0.222    -0.745
    -0.712    -0.373    -0.595
    -0.512    -0.012    -0.859
    -0.243     0.098    -0.965
    -0.423    -0.050    -0.905
    -0.503    -0.028    -0.864
    -0.274     0.275    -0.921
    -0.312     0.098    -0.945
    -0.607    -0.288    -0.740
    -0.168     0.272    -0.947
    -0.651    -0.283    -0.704
    -0.365    -0.027    -0.931
    -0.320     0.078    -0.944
    -0.277     0.052    -0.959
    -0.276     0.165    -0.947
    -0.616    -0.322    -0.719
    -0.479    -0.090    -0.873
    -0.688    -0.274    -0.672
    -0.245     0.198    -0.949
    -0.448     0.096    -0.889
    -0.410     0.009    -0.912
    -0.433     0.020    -0.901
    -0.557    -0.125    -0.821
    -0.254     0.124    -0.959
    -0.194     0.357    -0.914
    -0.364     0.115    -0.924
    -0.640    -0.411    -0.649
    -0.353     0.271    -0.896
    -0.312     0.214    -0.926
    -0.722    -0.213    -0.659
    -0.485    -0.110    -0.868
    -0.276     0.086    -0.957
    -0.350    -0.298    -0.888
    -0.258     0.129    -0.958
    -0.440    -0.001    -0.898
    -0.261     0.143    -0.955
    -0.426     0.105    -0.898
    -0.702    -0.297    -0.648
    -0.053     0.285    -0.957
    -0.590    -0.221    -0.777
    -0.687    -0.285    -0.669
    -0.564    -0.203    -0.800
    -0.468    -0.209    -0.859
    -0.239     0.161    -0.957
    -0.572    -0.022    -0.820
    -0.513    -0.063    -0.856
    -0.188     0.205    -0.960
    -0.421    -0.123    -0.899
    -0.469    -0.064    -0.881
    -0.281     0.089    -0.956
    -0.234     0.189    -0.954
    -0.548    -0.109    -0.829
    -0.601    -0.057    -0.797
    -0.598    -0.002    -0.802
    -0.501    -0.017    -0.866
    -0.296     0.060    -0.953
    -0.474    -0.032    -0.880
    -0.526    -0.101    -0.844
    -0.667    -0.148    -0.730
    -0.618    -0.506    -0.602
    -0.633    -0.101    -0.768
    -0.555    -0.113    -0.824
    -0.340     0.085    -0.936
    -0.605    -0.307    -0.734
    -0.566    -0.136    -0.813
    -0.250     0.161    -0.955
    -0.315    -0.033    -0.948
    -0.558    -0.120    -0.821
    -0.360     0.105    -0.927
    -0.228     0.172    -0.958
    -0.219    -0.080    -0.972
    -0.469    -0.050    -0.882
    -0.570     0.020    -0.821
    -0.532    -0.091    -0.842
    -0.222     0.231    -0.947
    -0.161     0.186    -0.969
    -0.529    -0.142    -0.837
    -0.509    -0.307    -0.804
    -0.448     0.024    -0.894
    -0.523    -0.025    -0.852
    -0.525     0.049    -0.850
    -0.489    -0.113    -0.865
    -0.322     0.045    -0.946
    -0.572    -0.064    -0.818
    -0.561    -0.147    -0.815
    -0.374    -0.054    -0.926
    -0.562    -0.306    -0.768
    -0.330     0.244    -0.912
    -0.468     0.039    -0.883
    -0.352     0.094    -0.931
    -0.541     0.017    -0.841
    -0.576    -0.114    -0.810
    -0.256     0.218    -0.942
    -0.263     0.111    -0.958
    -0.683    -0.135    -0.718
    -0.095     0.336    -0.937
    -0.212     0.210    -0.955
    -0.386     0.001    -0.922
    -0.319     0.102    -0.942
    -0.504    -0.190    -0.843
    -0.600    -0.139    -0.788
    -0.084     0.257    -0.963
    -0.414    -0.040    -0.909
    -0.543    -0.152    -0.826
    -0.659    -0.361    -0.660
    -0.359     0.207    -0.910
    -0.505    -0.191    -0.842
    -0.475     0.048    -0.879
    -0.526    -0.013    -0.850
    -0.551    -0.079    -0.831
    -0.440     0.111    -0.891
    -0.479    -0.018    -0.878
    -0.209     0.225    -0.952
    -0.225     0.175    -0.959
    -0.461    -0.096    -0.882
    -0.376     0.178    -0.909
    -0.429    -0.128    -0.894
    -0.584    -0.276    -0.764
    -0.534    -0.049    -0.844
    -0.643    -0.141    -0.753
    -0.553    -0.126    -0.823
    -0.692    -0.132    -0.710
    -0.509    -0.087    -0.856
    -0.483     0.044    -0.874
    -0.294     0.104    -0.950
    -0.451    -0.113    -0.885
    -0.372    -0.036    -0.928
    -0.801    -0.397    -0.448
    -0.553     0.037    -0.833
    -0.205     0.360    -0.910
    -0.346     0.098    -0.933
    -0.323     0.113    -0.940
    -0.495    -0.186    -0.849
    -0.333     0.054    -0.941
    -0.429    -0.092    -0.899
    -0.438    -0.133    -0.889
    -0.339    -0.012    -0.941
    -0.368    -0.133    -0.920
    -0.482    -0.152    -0.863
    -0.336    -0.037    -0.941
    -0.453     0.005    -0.891
    -0.543    -0.179    -0.820
    -0.213     0.076    -0.974
    -0.377    -0.001    -0.926
    -0.583    -0.010    -0.812
    -0.396    -0.099    -0.913
    -0.292     0.006    -0.957
    -0.275     0.099    -0.956
    -0.690    -0.264    -0.674
    -0.542    -0.003    -0.840
    -0.779    -0.186    -0.599
    -0.316     0.185    -0.931
    -0.466    -0.247    -0.850
    -0.681    -0.309    -0.664
    -0.600    -0.222    -0.769
    -0.647    -0.282    -0.709
    -0.461    -0.159    -0.873
    -0.561     0.004    -0.828
    -0.434    -0.312    -0.845
    -0.163     0.115    -0.980
    -0.491    -0.177    -0.853
    -0.537    -0.118    -0.836
    -0.659    -0.196    -0.726
    -0.358     0.111    -0.927
    -0.516    -0.104    -0.850
    -0.476    -0.036    -0.879
    -0.544     0.030    -0.838
    -0.589    -0.184    -0.787
    -0.585    -0.178    -0.791
    -0.163     0.144    -0.976
    -0.582    -0.033    -0.813
    -0.401    -0.073    -0.913
    -0.169     0.273    -0.947
    -0.442     0.134    -0.887
    -0.227     0.095    -0.969
    -0.387    -0.007    -0.922
    -0.241     0.299    -0.923
    -0.379    -0.057    -0.924
    -0.283     0.268    -0.921
    -0.261     0.048    -0.964
    -0.522    -0.105    -0.847
    -0.691    -0.112    -0.714
    -0.570    -0.032    -0.821
    -0.446    -0.167    -0.879
    -0.372    -0.125    -0.920
    -0.546    -0.039    -0.837
    -0.358     0.038    -0.933
    -0.408    -0.068    -0.911
    -0.579    -0.117    -0.807
    -0.705    -0.395    -0.589
    -0.599    -0.144    -0.787
    -0.320     0.128    -0.939
    -0.129     0.209    -0.969
    -0.420     0.264    -0.868
    -0.145     0.430    -0.891
    -0.476    -0.023    -0.879
    -0.235     0.155    -0.960
    -0.309     0.173    -0.935
    -0.557    -0.143    -0.818
    -0.365    -0.051    -0.930
    -0.477    -0.032    -0.878
    -0.161     0.201    -0.966
    -0.512     0.073    -0.856
    -0.398     0.096    -0.912
    -0.180     0.251    -0.951
    -0.161     0.093    -0.983
    -0.490    -0.002    -0.871
    -0.697    -0.294    -0.654
    -0.560    -0.060    -0.827
    -0.601    -0.063    -0.797
    -0.515    -0.185    -0.837
    -0.411    -0.114    -0.905
    -0.455     0.028    -0.890
    -0.417     0.015    -0.909
    -0.415     0.061    -0.908
    -0.468     0.136    -0.873
    -0.548    -0.106    -0.830
    -0.485     0.093    -0.869
    -0.696    -0.470    -0.543
    -0.543    -0.094    -0.835
    -0.415    -0.057    -0.908
    -0.120     0.287    -0.950
    -0.576    -0.196    -0.794
    -0.518    -0.011    -0.855
    -0.416     0.011    -0.909
    -0.600    -0.189    -0.778
    -0.738    -0.328    -0.590
    -0.653    -0.347    -0.673
    -0.331     0.001    -0.943
    -0.576    -0.091    -0.812
    -0.406    -0.036    -0.913
    -0.534    -0.267    -0.802
    -0.687    -0.226    -0.691
    -0.327     0.079    -0.942
    -0.473    -0.078    -0.877
    -0.519    -0.229    -0.823
    -0.128     0.220    -0.967
    -0.393     0.144    -0.908
    -0.498    -0.170    -0.851
    -0.573    -0.204    -0.794
    -0.326     0.134    -0.936
    -0.605    -0.218    -0.766
    -0.435    -0.037    -0.900
    -0.447    -0.122    -0.886
    -0.662    -0.267    -0.700
    -0.429     0.085    -0.899
    -0.688    -0.169    -0.706
    -0.548     0.008    -0.836
    -0.398     0.102    -0.912
    -0.618    -0.254    -0.744
    -0.355     0.158    -0.922
    -0.445     0.042    -0.895
    -0.367     0.087    -0.926
    -0.422    -0.029    -0.906
    -0.410     0.049    -0.911
    -0.574    -0.174    -0.800
    -0.588    -0.095    -0.803
    -0.343     0.073    -0.936
    -0.531    -0.067    -0.845
    -0.506    -0.005    -0.862
    -0.407    -0.061    -0.912
    -0.130     0.191    -0.973
    -0.607    -0.167    -0.777
    -0.402     0.051    -0.914
    -0.489    -0.121    -0.864
    -0.403     0.141    -0.904
    -0.388     0.091    -0.917
    -0.568    -0.056    -0.821
    -0.692    -0.237    -0.682
    -0.156     0.192    -0.969
    -0.414    -0.000    -0.910
    -0.662    -0.430    -0.614
    -0.487    -0.106    -0.867
    -0.499    -0.238    -0.833
    -0.436     0.125    -0.891
    -0.359     0.308    -0.881
    -0.501    -0.273    -0.821
    -0.322     0.032    -0.946
    -0.454     0.034    -0.890
    -0.336     0.094    -0.937
    -0.435    -0.042    -0.900
    -0.579    -0.238    -0.780
    -0.578    -0.206    -0.790
    -0.339     0.070    -0.938
    -0.326     0.160    -0.932
    -0.305     0.081    -0.949
    -0.505    -0.157    -0.849
    -0.466    -0.240    -0.852
    -0.214     0.110    -0.971
    -0.492    -0.094    -0.865
    -0.543    -0.331    -0.772
    -0.351     0.148    -0.925
    -0.520    -0.118    -0.846
    -0.312     0.022    -0.950
    -0.555    -0.312    -0.771
    -0.377     0.191    -0.906
    -0.523    -0.103    -0.846
    -0.208     0.330    -0.921
    -0.647    -0.178    -0.742
    -0.369     0.102    -0.924
    -0.506    -0.274    -0.818
    -0.640    -0.197    -0.742
    -0.447     0.189    -0.874
    -0.239     0.378    -0.894
    -0.435     0.139    -0.890
    -0.422     0.065    -0.904
    -0.538    -0.075    -0.840
    -0.464    -0.027    -0.885
    -0.398     0.171    -0.901
    -0.341     0.159    -0.926
    -0.420     0.002    -0.908
    -0.586    -0.176    -0.791
    -0.617    -0.325    -0.717
    -0.482    -0.076    -0.873
    -0.261     0.123    -0.957
    -0.352     0.080    -0.932
    -0.654    -0.278    -0.703
    -0.389     0.128    -0.912
    -0.567    -0.193    -0.801
    -0.549    -0.013    -0.836
    -0.326     0.125    -0.937
    -0.598    -0.196    -0.777
    -0.270     0.254    -0.929
    -0.560    -0.141    -0.816
    -0.360     0.126    -0.924
    -0.189     0.213    -0.959
    -0.337     0.018    -0.941
    -0.448    -0.007    -0.894
    -0.359     0.129    -0.924
    -0.240     0.189    -0.952
    -0.731    -0.283    -0.621
    -0.453     0.028    -0.891
    -0.544    -0.156    -0.824
    -0.527    -0.074    -0.847
    -0.520     0.036    -0.853
    -0.246     0.241    -0.939
    -0.355     0.121    -0.927
    -0.485    -0.137    -0.864
    -0.359    -0.118    -0.926
    -0.596    -0.185    -0.781
    -0.592    -0.158    -0.790
    -0.617    -0.187    -0.765
    -0.551    -0.368    -0.749
    -0.416     0.009    -0.909
    -0.281     0.084    -0.956
    -0.340     0.073    -0.938
    -0.496    -0.387    -0.777
    -0.555    -0.318    -0.769
    -0.296     0.035    -0.955
    -0.315     0.193    -0.929
    -0.629    -0.274    -0.727
    -0.509    -0.167    -0.845
    -0.122     0.103    -0.987
    -0.466    -0.045    -0.884
    -0.711    -0.531    -0.462
    -0.626    -0.214    -0.750
    -0.454    -0.025    -0.891
    -0.580    -0.371    -0.725
    -0.365     0.017    -0.931
    -0.433     0.023    -0.901
    -0.646    -0.148    -0.749
    -0.332     0.297    -0.895
    -0.215     0.136    -0.967
    -0.336    -0.063    -0.940
    -0.290     0.181    -0.940
    -0.402     0.046    -0.915
    -0.332     0.213    -0.919
    -0.214     0.076    -0.974
    -0.256     0.071    -0.964
    -0.276     0.119    -0.954
    -0.616    -0.065    -0.785
    -0.347     0.122    -0.930
    -0.238     0.271    -0.933
    -0.534    -0.171    -0.828
    -0.311     0.153    -0.938
    -0.482    -0.296    -0.825
    -0.185     0.273    -0.944
    -0.655    -0.229    -0.720
    -0.361     0.227    -0.904
    -0.598    -0.076    -0.798
    -0.449    -0.003    -0.893
    -0.394     0.006    -0.919
    -0.324     0.149    -0.934
    -0.423    -0.048    -0.905
    -0.395    -0.001    -0.919
    -0.365     0.177    -0.914
    -0.373     0.120    -0.920
    -0.331     0.178    -0.927
    -0.354    -0.072    -0.932
    -0.499    -0.070    -0.864
    -0.576    -0.060    -0.815
    -0.521    -0.197    -0.830
    -0.647    -0.138    -0.750
    -0.480     0.037    -0.876
    -0.182     0.176    -0.968
    -0.292     0.125    -0.948
    -0.257     0.120    -0.959
    -0.682    -0.274    -0.678
    -0.276     0.058    -0.959
    -0.523    -0.172    -0.835
    -0.468    -0.017    -0.883
    -0.429    -0.084    -0.899
    -0.572    -0.021    -0.820
    -0.489    -0.076    -0.869
    -0.502     0.018    -0.865
    -0.600    -0.057    -0.798
    -0.386     0.047    -0.921
    -0.735    -0.414    -0.536
    -0.532    -0.069    -0.844
    -0.425     0.017    -0.905
    -0.715    -0.356    -0.602
    -0.209     0.212    -0.955
    -0.269     0.211    -0.940
    -0.488     0.100    -0.867
    -0.491    -0.225    -0.841
    -0.444    -0.011    -0.896
    -0.382     0.080    -0.921
    -0.366     0.017    -0.931
    -0.583    -0.166    -0.795
    -0.646    -0.172    -0.743
    -0.222     0.121    -0.968
    -0.396     0.000    -0.918
    -0.346     0.097    -0.933
    -0.220     0.299    -0.928
    -0.440    -0.134    -0.888
    -0.400    -0.054    -0.915
    -0.596    -0.057    -0.801
    -0.389    -0.036    -0.920
    -0.632    -0.265    -0.729
    -0.430    -0.005    -0.903
    -0.651    -0.257    -0.715
    -0.575    -0.176    -0.799
    -0.427     0.095    -0.899
    -0.391     0.152    -0.908
    -0.321     0.110    -0.941
    -0.603    -0.362    -0.711
    -0.502    -0.119    -0.857
    -0.410     0.175    -0.895
    -0.406    -0.140    -0.903
    -0.502    -0.028    -0.865
    -0.263     0.227    -0.938
    -0.505     0.021    -0.863
    -0.279     0.082    -0.957
    -0.105     0.249    -0.963
    -0.464     0.022    -0.885
    -0.593    -0.139    -0.793
    -0.460    -0.101    -0.882
    -0.464     0.051    -0.884
    -0.576    -0.236    -0.783
    -0.569    -0.120    -0.813
    -0.420    -0.151    -0.895
    -0.617    -0.106    -0.780
    -0.171     0.075    -0.982
    -0.475    -0.132    -0.870
    -0.259     0.276    -0.926
    -0.213    -0.052    -0.976
    -0.305     0.271    -0.913
    -0.475    -0.117    -0.872
    -0.542    -0.236    -0.807
    -0.464     0.218    -0.859
    -0.271     0.041    -0.962
    -0.478     0.032    -0.878
    -0.407     0.206    -0.890
    -0.397     0.130    -0.908
    -0.444    -0.087    -0.892
    -0.425     0.136    -0.895
    -0.264     0.118    -0.957
    -0.551     0.008    -0.834
    -0.219    -0.011    -0.976
    -0.622    -0.122    -0.774
    -0.583    -0.003    -0.812
    -0.306     0.176    -0.936
    -0.519    -0.106    -0.848
    -0.346     0.137    -0.928
    -0.486    -0.195    -0.852
    -0.366     0.004    -0.931
    -0.431    -0.116    -0.895
    -0.210     0.097    -0.973
    -0.274     0.354    -0.894
    -0.213     0.271    -0.939
    -0.184     0.318    -0.930
    -0.491    -0.209    -0.846
    -0.629    -0.149    -0.763
    -0.448    -0.241    -0.861
    -0.629    -0.260    -0.732
    -0.570    -0.185    -0.800
    -0.174     0.405    -0.898
    -0.410     0.031    -0.912
    -0.435     0.138    -0.890
    -0.106     0.194    -0.975
    -0.233     0.106    -0.967
    -0.463     0.052    -0.885
    -0.445     0.027    -0.895
    -0.603    -0.158    -0.782
    -0.647     0.002    -0.762
    -0.491     0.206    -0.846
    -0.228     0.293    -0.929
    -0.415    -0.047    -0.908
    -0.454    -0.202    -0.868
    -0.631    -0.245    -0.736
    -0.620    -0.241    -0.746
    -0.666    -0.346    -0.660
    -0.326     0.186    -0.927
    -0.454    -0.183    -0.872
    -0.448    -0.209    -0.869
    -0.337     0.158    -0.928
    -0.400    -0.025    -0.916
    -0.328    -0.039    -0.944
    -0.538    -0.198    -0.819
    -0.482    -0.062    -0.874
    -0.454    -0.194    -0.870
    -0.529    -0.069    -0.846
    -0.516    -0.216    -0.829
    -0.517    -0.145    -0.844
    -0.518    -0.146    -0.843
    -0.422     0.094    -0.902
    -0.650    -0.231    -0.724
    -0.302     0.210    -0.930
    -0.273     0.106    -0.956
    -0.507    -0.068    -0.859
    -0.379     0.055    -0.924
    -0.273     0.090    -0.958
    -0.499    -0.135    -0.856
    -0.576    -0.106    -0.811
    -0.352     0.229    -0.908
    -0.410    -0.176    -0.895
    -0.588    -0.249    -0.769
    -0.408     0.146    -0.901
    -0.331     0.101    -0.938
    -0.498    -0.132    -0.857
    -0.577    -0.269    -0.771
    -0.490    -0.089    -0.867
    -0.409     0.027    -0.912
    -0.540    -0.177    -0.823
    -0.503    -0.169    -0.848
    -0.577    -0.082    -0.813
    -0.487    -0.159    -0.859
    -0.532    -0.154    -0.833
    -0.261     0.215    -0.941
    -0.634    -0.285    -0.719
    -0.459     0.152    -0.875
    -0.650    -0.229    -0.725
    -0.638    -0.102    -0.763
    -0.365     0.257    -0.895
    -0.583    -0.161    -0.796
    -0.405     0.132    -0.905
    -0.602    -0.185    -0.777
    -0.541    -0.079    -0.837
    -0.597    -0.217    -0.772
    -0.472    -0.231    -0.851
    -0.416     0.099    -0.904
    -0.627    -0.238    -0.741
    -0.505    -0.058    -0.861
    -0.519    -0.058    -0.853
    -0.651    -0.210    -0.729
    -0.593    -0.065    -0.802
    -0.396     0.045    -0.917
    -0.661    -0.304    -0.686
    -0.247     0.227    -0.942
    -0.310     0.132    -0.941
    -0.297     0.210    -0.931
    -0.336     0.035    -0.941
    -0.707    -0.270    -0.653
    -0.555    -0.227    -0.800
    -0.403     0.201    -0.893
    -0.443    -0.121    -0.888
    -0.510     0.002    -0.860
    -0.137     0.230    -0.964
    -0.556    -0.170    -0.814
    -0.402     0.196    -0.895
    -0.446     0.050    -0.894
    -0.567    -0.123    -0.814
    -0.451     0.089    -0.888
    -0.547    -0.213    -0.809
    -0.425     0.107    -0.899
    -0.509     0.005    -0.860
    -0.096     0.298    -0.950
    -0.456     0.095    -0.885
    -0.344     0.214    -0.914
    -0.267     0.183    -0.946
    -0.391    -0.119    -0.913
    -0.211     0.247    -0.946
    -0.527    -0.077    -0.846
    -0.659    -0.205    -0.724
    -0.729    -0.243    -0.640
    -0.585    -0.380    -0.716
    -0.400     0.022    -0.916
    -0.594    -0.127    -0.794
    -0.628    -0.079    -0.774
    -0.607    -0.374    -0.702
    -0.458    -0.031    -0.888
    -0.475    -0.040    -0.879
    -0.445    -0.102    -0.889
    -0.396     0.154    -0.905
    -0.488    -0.060    -0.871
    -0.584    -0.135    -0.801
    -0.612     0.028    -0.790
    -0.467     0.017    -0.884
    -0.297     0.187    -0.936
    -0.326     0.080    -0.942
    -0.238     0.171    -0.956
    -0.344     0.180    -0.922
    -0.535    -0.158    -0.830
    -0.606    -0.078    -0.792
    -0.568    -0.089    -0.818
    -0.469    -0.272    -0.840
    -0.243     0.273    -0.931
    -0.785    -0.241    -0.570
    -0.346     0.187    -0.919
    -0.170     0.192    -0.967
    -0.466    -0.022    -0.885
    -0.489    -0.066    -0.870
    -0.581    -0.121    -0.805
    -0.375     0.119    -0.919
    -0.296     0.144    -0.944
    -0.705    -0.179    -0.686
    -0.414     0.089    -0.906
    -0.460     0.034    -0.887
    -0.467     0.037    -0.883
    -0.279     0.207    -0.938
    -0.208     0.157    -0.965
    -0.523     0.028    -0.852
    -0.421     0.030    -0.906
    -0.361     0.071    -0.930
    -0.412    -0.033    -0.911
    -0.400    -0.015    -0.916
    -0.413    -0.118    -0.903
    -0.475    -0.008    -0.880
    -0.284     0.151    -0.947
    -0.611    -0.212    -0.763
    -0.631    -0.226    -0.742
    -0.452    -0.025    -0.891
    -0.540    -0.004    -0.841
    -0.350     0.129    -0.928
    -0.289     0.114    -0.950
    -0.464    -0.100    -0.880
    -0.514     0.012    -0.858
    -0.608    -0.250    -0.753
    -0.178     0.215    -0.960
    -0.725    -0.316    -0.612
    -0.545     0.035    -0.838
    -0.495    -0.059    -0.867
    -0.346     0.173    -0.922
    -0.361     0.050    -0.931
    -0.510     0.065    -0.857
    -0.451     0.089    -0.888
    -0.643    -0.147    -0.751
    -0.336     0.060    -0.940
    -0.712    -0.188    -0.677
    -0.294     0.171    -0.941
    -0.509     0.008    -0.861
    -0.374     0.077    -0.924
    -0.327    -0.005    -0.945
    -0.588    -0.209    -0.782
    -0.556    -0.079    -0.828
    -0.477    -0.136    -0.868
    -0.599    -0.343    -0.724
    -0.623    -0.018    -0.782
    -0.350     0.046    -0.936
    -0.516    -0.238    -0.823
    -0.367     0.163    -0.916
    -0.413    -0.063    -0.909
    -0.236     0.225    -0.945
    -0.417    -0.299    -0.858
    -0.615    -0.059    -0.786
    -0.299     0.224    -0.928
    -0.538    -0.265    -0.800
    -0.349     0.006    -0.937
    -0.539     0.057    -0.840
    -0.487    -0.063    -0.871
    -0.598    -0.110    -0.794
    -0.456     0.009    -0.890
    -0.284     0.059    -0.957
    -0.419    -0.060    -0.906
    -0.570    -0.325    -0.755
    -0.343     0.053    -0.938
    -0.521     0.054    -0.852
    -0.186     0.124    -0.975
    -0.410     0.152    -0.899
    -0.300     0.238    -0.924
    -0.549    -0.212    -0.809
    -0.657    -0.306    -0.689
    -0.435    -0.130    -0.891
    -0.625    -0.130    -0.770
    -0.161     0.258    -0.953
    -0.485    -0.104    -0.868
    -0.514    -0.117    -0.850
    -0.565     0.013    -0.825
    -0.476    -0.075    -0.876
    -0.426     0.099    -0.899
    -0.686    -0.194    -0.702
    -0.209     0.148    -0.967
    -0.300     0.099    -0.949
    -0.657    -0.261    -0.707
    -0.424    -0.152    -0.893
    -0.558     0.040    -0.829
    -0.553    -0.249    -0.795
    -0.255     0.394    -0.883
    -0.533    -0.153    -0.832
    -0.367     0.197    -0.909
    -0.377     0.236    -0.896
    -0.344     0.142    -0.928
    -0.318     0.094    -0.943
    -0.506    -0.258    -0.823
    -0.253     0.141    -0.957
    -0.718    -0.412    -0.561
    -0.536     0.106    -0.837
    -0.602    -0.112    -0.790
    -0.414     0.225    -0.882
    -0.564    -0.034    -0.825
    -0.526    -0.153    -0.837
    -0.676     0.058    -0.735
    -0.561    -0.167    -0.811
    -0.221     0.167    -0.961
    -0.446    -0.018    -0.895
    -0.453     0.134    -0.881
    -0.251     0.172    -0.953
    -0.142     0.167    -0.976
    -0.511     0.014    -0.860
    -0.308     0.128    -0.943
    -0.650    -0.264    -0.713
    -0.598    -0.355    -0.718
    -0.338     0.095    -0.936
    -0.373     0.039    -0.927
    -0.531     0.033    -0.847
    -0.189     0.102    -0.977
    -0.420     0.047    -0.906
    -0.240     0.063    -0.969
    -0.380     0.065    -0.923
    -0.439     0.258    -0.861
    -0.623    -0.153    -0.767
    -0.529    -0.090    -0.844
    -0.495    -0.009    -0.869
    -0.290     0.241    -0.926
    -0.303     0.141    -0.943
    -0.549     0.107    -0.829
    -0.350    -0.038    -0.936
    -0.340     0.167    -0.925
    -0.441    -0.011    -0.897
    -0.519    -0.371    -0.770
    -0.446     0.158    -0.881
    -0.464     0.028    -0.885
    -0.469     0.008    -0.883
    -0.739    -0.520    -0.428
    -0.395     0.037    -0.918
    -0.520     0.009    -0.854
    -0.483    -0.112    -0.869
    -0.697    -0.350    -0.625
    -0.777    -0.365    -0.513
    -0.301     0.256    -0.919
    -0.550    -0.050    -0.834
    -0.277     0.304    -0.911
    -0.400     0.021    -0.916
    -0.496    -0.044    -0.867
    -0.421     0.056    -0.905
    -0.561     0.115    -0.820
    -0.426    -0.018    -0.904
    -0.526    -0.051    -0.849
    -0.490    -0.116    -0.864
    -0.117     0.366    -0.923
    -0.324     0.033    -0.946
    -0.666    -0.244    -0.705
    -0.216     0.167    -0.962
    -0.276     0.092    -0.957
    -0.561    -0.235    -0.794
    -0.194     0.042    -0.980
    -0.241     0.175    -0.955
    -0.513    -0.022    -0.858
    -0.537    -0.009    -0.843
    -0.229     0.286    -0.930
    -0.242     0.119    -0.963
    -0.455     0.020    -0.890
    -0.289    -0.051    -0.956
    -0.602    -0.558    -0.571
    -0.268     0.003    -0.963
    -0.063     0.259    -0.964
    -0.391     0.021    -0.920
    -0.533    -0.095    -0.841
    -0.387     0.009    -0.922
    -0.415    -0.041    -0.909
    -0.442     0.094    -0.892
    -0.400     0.080    -0.913
    -0.223     0.113    -0.968
    -0.371    -0.053    -0.927
    -0.403    -0.011    -0.915
    -0.569    -0.033    -0.821
    -0.483    -0.185    -0.856
    -0.533    -0.124    -0.837
    -0.127     0.366    -0.922
    -0.406     0.088    -0.910
    -0.391     0.219    -0.894
    -0.435    -0.059    -0.899
    -0.458    -0.078    -0.885
    -0.276     0.115    -0.954
    -0.419    -0.093    -0.903
    -0.319     0.069    -0.945
    -0.585    -0.021    -0.811
    -0.699    -0.185    -0.691
    -0.347     0.128    -0.929
    -0.654    -0.207    -0.727
    -0.269     0.305    -0.913
    -0.344     0.082    -0.935
    -0.468     0.060    -0.882
    -0.535    -0.239    -0.810
    -0.310     0.089    -0.946
    -0.667    -0.165    -0.727
    -0.628    -0.249    -0.737
    -0.430     0.015    -0.903
    -0.320     0.185    -0.929
    -0.298     0.005    -0.955
    -0.426    -0.145    -0.893
    -0.167     0.177    -0.970
    -0.217     0.305    -0.927
    -0.742    -0.397    -0.540
    -0.321     0.102    -0.942
    -0.481     0.023    -0.876
    -0.381     0.143    -0.913
    -0.614    -0.229    -0.755
    -0.562    -0.107    -0.820
    -0.414     0.004    -0.910
    -0.291     0.162    -0.943
    -0.641    -0.184    -0.745
    -0.261     0.051    -0.964
    -0.527    -0.005    -0.850
    -0.486    -0.164    -0.859
    -0.384    -0.126    -0.915
    -0.259     0.303    -0.917
    -0.340     0.006    -0.940
    -0.460    -0.137    -0.877
    -0.569    -0.203    -0.797
    -0.644    -0.125    -0.755
    -0.531    -0.145    -0.835
    -0.256     0.187    -0.949
    -0.399    -0.012    -0.917
    -0.489    -0.177    -0.854
    -0.236     0.221    -0.946
    -0.549    -0.035    -0.835
    -0.483    -0.087    -0.871
    -0.319     0.157    -0.935
    -0.614    -0.085    -0.785
    -0.448     0.022    -0.894
    -0.518    -0.136    -0.844
    -0.572    -0.071    -0.817
    -0.432    -0.043    -0.901
    -0.589    -0.169    -0.790
    -0.223     0.241    -0.944
    -0.345    -0.059    -0.937
    -0.453    -0.015    -0.891
    -0.472    -0.175    -0.864
    -0.374     0.020    -0.927
    -0.167     0.250    -0.954
    -0.246     0.250    -0.937
    -0.233     0.206    -0.950
    -0.355    -0.083    -0.931
    -0.398    -0.037    -0.917
    -0.665    -0.057    -0.745
    -0.301     0.210    -0.930
    -0.530    -0.219    -0.820
    -0.227     0.240    -0.944
    -0.488    -0.141    -0.861
    -0.190     0.243    -0.951
    -0.513    -0.032    -0.858
    -0.411     0.050    -0.910
    -0.430     0.109    -0.896
    -0.513    -0.146    -0.846
    -0.657    -0.303    -0.690
    -0.451    -0.108    -0.886
    -0.582    -0.189    -0.791
    -0.307     0.167    -0.937
    -0.502    -0.022    -0.865
    -0.405     0.040    -0.913
    -0.455     0.135    -0.880
    -0.447    -0.007    -0.895
    -0.609    -0.364    -0.705
    -0.412     0.044    -0.910
    -0.225     0.306    -0.925
    -0.221     0.147    -0.964
    -0.595    -0.227    -0.771
    -0.337     0.172    -0.926
    -0.406     0.001    -0.914
    -0.593    -0.096    -0.799
    -0.353     0.129    -0.927
    -0.346     0.214    -0.914
    -0.530    -0.068    -0.845
    -0.415     0.112    -0.903
    -0.663    -0.313    -0.680
    -0.242     0.168    -0.956
    -0.355     0.070    -0.932
    -0.484    -0.200    -0.852
    -0.199     0.186    -0.962
    -0.303     0.036    -0.952
    -0.336     0.195    -0.921
    -0.388    -0.009    -0.922
    -0.441     0.041    -0.896
    -0.575    -0.077    -0.815
    -0.520    -0.145    -0.842
    -0.662    -0.200    -0.722
    -0.593    -0.226    -0.773
    -0.071     0.277    -0.958
    -0.285     0.105    -0.953
    -0.593    -0.253    -0.765
    -0.416    -0.115    -0.902
    -0.520    -0.179    -0.835
    -0.425    -0.029    -0.905
    -0.508    -0.059    -0.859
    -0.287     0.012    -0.958
    -0.422    -0.011    -0.907
    -0.432    -0.055    -0.900
    -0.334     0.127    -0.934
    -0.719    -0.277    -0.638
    -0.477    -0.189    -0.858
    -0.715    -0.242    -0.656
    -0.403     0.064    -0.913
    -0.348     0.078    -0.934
    -0.602    -0.138    -0.786
    -0.365     0.218    -0.905
    -0.708    -0.416    -0.570
    -0.805    -0.348    -0.481
    -0.430    -0.200    -0.881
    -0.515    -0.214    -0.830
    -0.337     0.005    -0.942
    -0.470    -0.067    -0.880
    -0.326     0.197    -0.925
    -0.272     0.141    -0.952
    -0.367    -0.028    -0.930
    -0.464    -0.074    -0.883
    -0.536    -0.028    -0.844
    -0.539     0.093    -0.837
    -0.499    -0.036    -0.866
    -0.314    -0.108    -0.943
    -0.217     0.163    -0.962
    -0.387    -0.011    -0.922
    -0.200    -0.002    -0.980
    -0.638    -0.178    -0.749
    -0.517     0.051    -0.855
    -0.618    -0.022    -0.786
    -0.632    -0.047    -0.774
    -0.558    -0.211    -0.803
    -0.579    -0.084    -0.811
    -0.434    -0.262    -0.862
    -0.485    -0.165    -0.859
    -0.354     0.061    -0.933
    -0.535     0.054    -0.843
    -0.565    -0.081    -0.821
    -0.455    -0.183    -0.871
    -0.408    -0.041    -0.912
    -0.449    -0.088    -0.889
    -0.107     0.297    -0.949
    -0.394    -0.049    -0.918
    -0.414    -0.022    -0.910
    -0.338    -0.024    -0.941
    -0.499    -0.106    -0.860
    -0.510    -0.104    -0.854
    -0.155     0.212    -0.965
    -0.501    -0.042    -0.864
    -0.453    -0.005    -0.891
    -0.612    -0.106    -0.784
    -0.241     0.260    -0.935
    -0.664    -0.070    -0.744
    -0.425     0.012    -0.905
    -0.337     0.144    -0.931
    -0.448    -0.032    -0.893
    -0.496     0.116    -0.861
    -0.361     0.010    -0.933
    -0.480     0.050    -0.876
    -0.402    -0.034    -0.915
    -0.677    -0.169    -0.717
    -0.611    -0.336    -0.717
    -0.495    -0.189    -0.848
    -0.418    -0.029    -0.908
    -0.584    -0.008    -0.812
    -0.585    -0.116    -0.803
    -0.352     0.048    -0.935
    -0.487    -0.086    -0.869
    -0.531     0.044    -0.846
    -0.476    -0.290    -0.830
    -0.473    -0.101    -0.875
    -0.534    -0.034    -0.845
    -0.457    -0.180    -0.871
    -0.397     0.116    -0.911
    -0.589     0.116    -0.800
    -0.526    -0.233    -0.818
    -0.119     0.234    -0.965
    -0.406     0.234    -0.884
    -0.494    -0.081    -0.866
    -0.414     0.149    -0.898
    -0.702    -0.271    -0.658
    -0.446    -0.093    -0.890
    -0.595    -0.242    -0.767
    -0.447     0.004    -0.894
    -0.396    -0.045    -0.917
    -0.440     0.033    -0.897
    -0.212     0.109    -0.971
    -0.479    -0.024    -0.878
    -0.439     0.001    -0.899
    -0.532    -0.115    -0.839
    -0.654    -0.099    -0.750
    -0.142     0.383    -0.913
    -0.611    -0.032    -0.791
    -0.593    -0.140    -0.793
    -0.321     0.143    -0.936
    -0.073     0.281    -0.957
    -0.754    -0.291    -0.589
    -0.370     0.082    -0.926
    -0.341     0.241    -0.909
    -0.576    -0.077    -0.814
    -0.418     0.054    -0.907
    -0.359     0.129    -0.924
    -0.491    -0.099    -0.866
    -0.614    -0.025    -0.789
    -0.505    -0.087    -0.859
    -0.095     0.296    -0.950
    -0.309     0.233    -0.922
    -0.320     0.026    -0.947
    -0.319     0.149    -0.936
    -0.387     0.005    -0.922
    -0.568    -0.381    -0.730
    -0.452     0.013    -0.892
    -0.507    -0.096    -0.857
    -0.453    -0.173    -0.874
    -0.169     0.315    -0.934
    -0.542    -0.213    -0.813
    -0.422    -0.022    -0.906
    -0.554    -0.223    -0.802
    -0.556    -0.205    -0.805
    -0.315     0.054    -0.948
    -0.528    -0.140    -0.838
    -0.369     0.234    -0.899
    -0.299    -0.053    -0.953
    -0.638    -0.281    -0.717
    -0.514    -0.147    -0.845
    -0.611    -0.215    -0.762
    -0.556    -0.273    -0.785
    -0.644    -0.270    -0.716
    -0.596    -0.197    -0.778
    -0.656    -0.193    -0.730
    -0.423    -0.051    -0.905
    -0.580    -0.048    -0.813
    -0.703    -0.155    -0.694
    -0.450     0.005    -0.893
    -0.281     0.162    -0.946
    -0.638    -0.243    -0.731
    -0.343     0.001    -0.939
    -0.623    -0.287    -0.728
    -0.397     0.264    -0.879
    -0.433     0.093    -0.897
    -0.598    -0.032    -0.801
    -0.378     0.158    -0.912
    -0.472    -0.250    -0.845
    -0.295     0.131    -0.946
    -0.306     0.038    -0.951
    -0.513    -0.050    -0.857
    -0.410    -0.112    -0.905
    -0.459    -0.189    -0.868
    -0.304     0.076    -0.950
    -0.243     0.194    -0.950
    -0.494     0.009    -0.869
    -0.255     0.171    -0.952
    -0.634    -0.177    -0.753
    -0.729    -0.233    -0.644
    -0.492     0.033    -0.870
    -0.612    -0.209    -0.762
    -0.560    -0.217    -0.800
    -0.316    -0.038    -0.948
    -0.541    -0.251    -0.802
    -0.500    -0.052    -0.864
    -0.512    -0.062    -0.857
    -0.503    -0.125    -0.855
    -0.508     0.182    -0.842
    -0.594    -0.057    -0.803
    -0.533    -0.075    -0.843
    -0.638    -0.240    -0.732
    -0.579    -0.119    -0.806
    -0.637    -0.166    -0.753
    -0.208     0.221    -0.953
    -0.513     0.090    -0.853
    -0.485    -0.276    -0.830
    -0.461     0.178    -0.870
    -0.479     0.038    -0.877
    -0.321     0.039    -0.946
    -0.556    -0.099    -0.825
    -0.302     0.003    -0.953
    -0.394    -0.119    -0.911
    -0.339    -0.096    -0.936
    -0.670    -0.369    -0.644
    -0.394     0.032    -0.919
    -0.563    -0.226    -0.795
    -0.589    -0.238    -0.772
    -0.614    -0.252    -0.748
    -0.522    -0.154    -0.839
    -0.571    -0.206    -0.795
    -0.353     0.265    -0.897
    -0.515     0.067    -0.855
    -0.335    -0.014    -0.942
    -0.205     0.123    -0.971
    -0.593    -0.008    -0.805
    -0.096     0.301    -0.949
    -0.473    -0.045    -0.880
    -0.252    -0.013    -0.968
    -0.613    -0.274    -0.741
    -0.264     0.108    -0.958
    -0.520    -0.143    -0.842
    -0.189     0.238    -0.953
    -0.721    -0.285    -0.631
    -0.290     0.118    -0.950
    -0.610    -0.202    -0.766
    -0.504    -0.064    -0.861
    -0.330     0.028    -0.944
    -0.485     0.049    -0.873
    -0.514     0.044    -0.856
    -0.533    -0.031    -0.846
    -0.562    -0.091    -0.822
    -0.518     0.002    -0.856
    -0.143     0.383    -0.913
    -0.215     0.055    -0.975
    -0.559    -0.229    -0.797
    -0.477     0.001    -0.879
    -0.422     0.253    -0.870
    -0.347     0.016    -0.938
    -0.436    -0.040    -0.899
    -0.371     0.019    -0.929
    -0.527    -0.168    -0.833
    -0.504    -0.214    -0.837
    -0.269     0.051    -0.962
    -0.389     0.011    -0.921
    -0.542    -0.036    -0.839
    -0.293     0.103    -0.951
    -0.391    -0.019    -0.920
    -0.612    -0.303    -0.731
    -0.484     0.103    -0.869
    -0.609    -0.349    -0.712
    -0.510    -0.207    -0.835
    -0.507    -0.176    -0.844
    -0.250     0.249    -0.936
    -0.323     0.096    -0.941
    -0.521    -0.107    -0.847
    -0.409    -0.074    -0.910
    -0.525     0.012    -0.851
    -0.456    -0.251    -0.854
    -0.465     0.063    -0.883
    -0.376    -0.139    -0.916
    -0.488    -0.167    -0.857
    -0.512    -0.095    -0.854
    -0.379    -0.036    -0.925
    -0.424    -0.038    -0.905
    -0.362     0.111    -0.925
    -0.160     0.214    -0.964
    -0.317     0.155    -0.936
    -0.361     0.095    -0.928
    -0.439     0.191    -0.878
    -0.444     0.039    -0.895
    -0.375     0.006    -0.927
    -0.444     0.033    -0.895
    -0.641    -0.298    -0.707
    -0.305     0.088    -0.948
    -0.592    -0.114    -0.798
    -0.682    -0.315    -0.660
    -0.452    -0.146    -0.880
    -0.645    -0.056    -0.762
    -0.284     0.128    -0.950
    -0.297    -0.011    -0.955
    -0.465    -0.128    -0.876
    -0.336     0.017    -0.942
    -0.702    -0.487    -0.519
    -0.263    -0.040    -0.964
    -0.614    -0.145    -0.775
    -0.418     0.015    -0.908
    -0.555    -0.204    -0.806
    -0.397     0.163    -0.903
    -0.558    -0.235    -0.796
    -0.258     0.113    -0.960
    -0.390     0.114    -0.914
    -0.638     0.054    -0.768
    -0.187     0.253    -0.949
    -0.616    -0.015    -0.787
    -0.656    -0.168    -0.735
    -0.244     0.107    -0.964
    -0.237     0.166    -0.957
    -0.610    -0.221    -0.761
    -0.662    -0.305    -0.685
    -0.482    -0.177    -0.858
    -0.521    -0.126    -0.844
    -0.401    -0.156    -0.903
    -0.551    -0.159    -0.819
    -0.501    -0.068    -0.863
    -0.412    -0.088    -0.907
    -0.303     0.122    -0.945
    -0.323     0.099    -0.941
    -0.288     0.294    -0.911
    -0.718    -0.346    -0.604
    -0.387    -0.163    -0.907
    -0.586    -0.272    -0.763
    -0.375     0.246    -0.894
    -0.534    -0.117    -0.838
    -0.613    -0.181    -0.769
    -0.167     0.123    -0.978
    -0.391     0.123    -0.912
    -0.189     0.219    -0.957
    -0.421     0.082    -0.903
    -0.417    -0.012    -0.909
    -0.576     0.006    -0.817
    -0.180     0.326    -0.928
    -0.568    -0.152    -0.809
    -0.576    -0.141    -0.805
    -0.612    -0.153    -0.776
    -0.453    -0.061    -0.889
    -0.483    -0.175    -0.858
    -0.475     0.015    -0.880
    -0.478    -0.254    -0.841
    -0.604    -0.303    -0.738
    -0.506    -0.031    -0.862
    -0.620    -0.479    -0.622
    -0.243     0.222    -0.944
    -0.249     0.217    -0.944
    -0.540     0.056    -0.840
    -0.766    -0.395    -0.507
    -0.244     0.025    -0.969
    -0.642    -0.140    -0.754
    -0.689    -0.381    -0.617
    -0.381     0.042    -0.924
    -0.335     0.343    -0.878
    -0.392     0.068    -0.917
    -0.617    -0.354    -0.702
    -0.526    -0.266    -0.808
    -0.706    -0.300    -0.641
    -0.507    -0.047    -0.861
    -0.313    -0.001    -0.950
    -0.266     0.189    -0.945
    -0.440     0.065    -0.896
    -0.301     0.167    -0.939
    -0.405     0.004    -0.914
    -0.613    -0.331    -0.718
    -0.407    -0.083    -0.910
    -0.041     0.282    -0.959
    -0.363     0.195    -0.911
    -0.463    -0.064    -0.884
    -0.686    -0.165    -0.708
    -0.195    -0.126    -0.973
    -0.547    -0.130    -0.827
    -0.508    -0.149    -0.848
    -0.495     0.111    -0.862
    -0.267     0.074    -0.961
    -0.291     0.165    -0.942
    -0.398    -0.072    -0.915
    -0.404    -0.130    -0.906
    -0.589    -0.157    -0.792
    -0.227     0.274    -0.935
    -0.295     0.122    -0.948
    -0.405    -0.051    -0.913
    -0.306     0.097    -0.947
    -0.618    -0.368    -0.695
    -0.466     0.022    -0.885
    -0.558    -0.050    -0.828
    -0.599    -0.180    -0.780
    -0.388     0.127    -0.913
    -0.527    -0.024    -0.849
    -0.402     0.081    -0.912
    -0.373     0.040    -0.927
    -0.621    -0.283    -0.731
    -0.426     0.089    -0.901
    -0.537    -0.222    -0.814
    -0.481    -0.007    -0.877
    -0.644    -0.235    -0.728
    -0.294     0.218    -0.931
    -0.474     0.052    -0.879
    -0.682    -0.139    -0.718
    -0.652    -0.168    -0.740
    -0.451    -0.136    -0.882
    -0.338     0.090    -0.937
    -0.572    -0.079    -0.816
    -0.131     0.309    -0.942
    -0.257     0.084    -0.963
    -0.429    -0.031    -0.903
    -0.747    -0.217    -0.629
    -0.559    -0.240    -0.794
    -0.409     0.075    -0.910
    -0.661    -0.319    -0.679
    -0.304     0.151    -0.941
    -0.635    -0.352    -0.688
    -0.423     0.029    -0.906
    -0.517    -0.042    -0.855
    -0.482    -0.251    -0.840
    -0.437    -0.048    -0.898
    -0.508    -0.022    -0.861
    -0.565    -0.154    -0.810
    -0.453     0.021    -0.891
    -0.119     0.302    -0.946
    -0.290     0.051    -0.956
    -0.485     0.103    -0.869
    -0.562    -0.333    -0.757
    -0.533     0.017    -0.846
    -0.503    -0.124    -0.855
    -0.563     0.019    -0.827
    -0.396     0.000    -0.918
    -0.407    -0.099    -0.908
    -0.385     0.212    -0.898
    -0.096     0.374    -0.922
    -0.527    -0.080    -0.846
    -0.378     0.010    -0.926
    -0.514    -0.058    -0.856
    -0.541    -0.027    -0.840
    -0.290     0.058    -0.955
    -0.487    -0.151    -0.860
    -0.401    -0.023    -0.916
    -0.439    -0.185    -0.879
    -0.576    -0.056    -0.815
    -0.635    -0.370    -0.678
    -0.473    -0.049    -0.880
    -0.392     0.176    -0.903
    -0.257     0.053    -0.965
    -0.497     0.010    -0.868
    -0.633    -0.105    -0.767
    -0.521    -0.014    -0.854
    -0.412     0.149    -0.899
    -0.215     0.079    -0.973
    -0.467     0.092    -0.879
