    -0.085     0.964    -0.253
    -0.101     0.964    -0.244
    -0.222     0.886    -0.407
    -0.114     0.832    -0.544
    -0.143     0.924    -0.356
     0.020     0.986    -0.168
    -0.175     0.919    -0.352
    -0.210     0.887    -0.411
    -0.017     0.921    -0.388
    -0.122     0.945    -0.302
    -0.115     0.955    -0.273
    -0.176     0.914    -0.366
    -0.189     0.904    -0.383
    -0.146     0.924    -0.352
    -0.074     0.945    -0.319
    -0.040     0.947    -0.319
    -0.161     0.907    -0.388
     0.006     0.964    -0.266
    -0.044     0.975    -0.216
    -0.142     0.974    -0.176
    -0.205     0.864    -0.460
    -0.127     0.894    -0.430
    -0.168     0.843    -0.511
     0.105     0.921    -0.374
    -0.175     0.894    -0.411
    -0.199     0.898    -0.392
    -0.085     0.892    -0.443
    -0.282     0.834    -0.474
    -0.222     0.873    -0.435
    -0.173     0.935    -0.308
    -0.007     0.915    -0.404
    -0.211     0.951    -0.226
    -0.098     0.964    -0.247
     0.034     0.958    -0.285
    -0.135     0.922    -0.363
    -0.130     0.940    -0.316
    -0.116     0.915    -0.385
    -0.109     0.927    -0.358
    -0.251     0.897    -0.364
    -0.086     0.962    -0.259
    -0.150     0.922    -0.357
    -0.185     0.956    -0.229
    -0.189     0.963    -0.190
    -0.102     0.872    -0.478
    -0.294     0.903    -0.313
    -0.039     0.929    -0.368
    -0.199     0.964    -0.177
    -0.120     0.931    -0.345
    -0.243     0.899    -0.363
     0.004     0.954    -0.300
    -0.177     0.927    -0.331
    -0.110     0.894    -0.435
    -0.152     0.958    -0.244
    -0.107     0.903    -0.417
    -0.123     0.973    -0.194
    -0.295     0.896    -0.333
    -0.087     0.934    -0.346
    -0.249     0.880    -0.405
    -0.169     0.881    -0.442
    -0.040     0.956    -0.289
    -0.167     0.919    -0.358
     0.062     0.985    -0.164
    -0.021     0.944    -0.330
    -0.180     0.954    -0.238
    -0.131     0.898    -0.420
    -0.095     0.960    -0.262
    -0.121     0.949    -0.291
     0.015     0.944    -0.329
    -0.150     0.930    -0.334
    -0.208     0.951    -0.230
    -0.119     0.850    -0.514
    -0.165     0.887    -0.432
    -0.123     0.965    -0.231
    -0.179     0.906    -0.383
     0.021     0.938    -0.347
    -0.127     0.948    -0.292
    -0.047     0.954    -0.295
    -0.071     0.922    -0.379
    -0.271     0.895    -0.354
    -0.066     0.969    -0.238
    -0.253     0.927    -0.276
    -0.272     0.869    -0.414
    -0.307     0.907    -0.287
    -0.150     0.960    -0.236
    -0.023     0.917    -0.399
    -0.146     0.976    -0.162
    -0.239     0.953    -0.185
    -0.206     0.958    -0.198
    -0.267     0.935    -0.234
    -0.177     0.913    -0.366
    -0.080     0.939    -0.335
    -0.227     0.907    -0.356
    -0.117     0.959    -0.258
    -0.245     0.906    -0.345
    -0.309     0.920    -0.240
    -0.178     0.925    -0.336
    -0.122     0.950    -0.288
    -0.124     0.973    -0.193
    -0.001     0.960    -0.281
    -0.199     0.957    -0.212
    -0.056     0.975    -0.216
    -0.218     0.956    -0.198
    -0.223     0.899    -0.376
     0.014     0.940    -0.340
    -0.333     0.879    -0.340
    -0.037     0.959    -0.280
    -0.081     0.922    -0.380
    -0.039     0.971    -0.237
    -0.193     0.925    -0.327
     0.054     0.906    -0.420
    -0.037     0.913    -0.407
    -0.194     0.926    -0.323
     0.034     0.958    -0.286
     0.020     0.900    -0.434
    -0.206     0.960    -0.191
    -0.215     0.924    -0.317
    -0.140     0.884    -0.446
    -0.117     0.970    -0.212
    -0.178     0.947    -0.268
    -0.167     0.888    -0.429
    -0.189     0.945    -0.266
    -0.008     0.917    -0.399
    -0.083     0.814    -0.574
    -0.051     0.984    -0.172
    -0.050     0.939    -0.341
    -0.113     0.865    -0.489
    -0.117     0.956    -0.267
    -0.098     0.923    -0.371
    -0.158     0.926    -0.344
    -0.094     0.932    -0.349
    -0.146     0.896    -0.420
    -0.152     0.981    -0.117
    -0.094     0.901    -0.424
    -0.078     0.911    -0.406
    -0.041     0.874    -0.484
    -0.053     0.908    -0.417
    -0.234     0.927    -0.292
    -0.106     0.944    -0.312
    -0.268     0.897    -0.352
    -0.192     0.925    -0.328
    -0.231     0.839    -0.493
     0.001     0.930    -0.369
    -0.282     0.889    -0.361
    -0.114     0.964    -0.242
    -0.165     0.945    -0.282
    -0.221     0.936    -0.275
    -0.153     0.980    -0.128
    -0.236     0.855    -0.462
    -0.088     0.983    -0.159
    -0.091     0.963    -0.255
    -0.011     0.895    -0.446
    -0.030     0.979    -0.201
    -0.156     0.908    -0.389
    -0.083     0.956    -0.281
    -0.003     0.914    -0.406
    -0.065     0.968    -0.241
    -0.299     0.915    -0.271
    -0.188     0.798    -0.572
    -0.317     0.885    -0.341
    -0.246     0.895    -0.372
     0.003     0.975    -0.221
    -0.110     0.924    -0.367
    -0.138     0.941    -0.308
    -0.141     0.937    -0.320
     0.031     0.979    -0.204
    -0.114     0.928    -0.355
    -0.090     0.925    -0.368
    -0.078     0.951    -0.300
    -0.290     0.909    -0.299
    -0.011     0.920    -0.392
    -0.082     0.957    -0.279
    -0.147     0.904    -0.401
    -0.244     0.941    -0.233
    -0.113     0.942    -0.316
    -0.213     0.926    -0.312
    -0.148     0.953    -0.264
    -0.106     0.951    -0.290
    -0.169     0.971    -0.171
    -0.190     0.924    -0.331
    -0.023     0.942    -0.334
    -0.030     0.952    -0.303
    -0.101     0.936    -0.338
    -0.125     0.922    -0.367
    -0.117     0.983    -0.140
    -0.198     0.892    -0.405
    -0.015     0.978    -0.207
    -0.084     0.938    -0.336
    -0.214     0.880    -0.424
    -0.268     0.941    -0.204
    -0.033     0.949    -0.314
    -0.117     0.926    -0.360
    -0.059     0.949    -0.309
    -0.195     0.959    -0.203
    -0.179     0.887    -0.425
     0.042     0.960    -0.277
    -0.012     0.944    -0.329
     0.018     0.926    -0.377
    -0.186     0.937    -0.296
    -0.208     0.847    -0.489
     0.026     0.934    -0.357
    -0.035     0.919    -0.393
    -0.162     0.945    -0.285
    -0.063     0.979    -0.196
    -0.082     0.922    -0.379
    -0.044     0.979    -0.199
    -0.102     0.955    -0.278
    -0.155     0.869    -0.469
     0.072     0.917    -0.392
     0.067     0.965    -0.254
    -0.101     0.871    -0.481
    -0.249     0.917    -0.311
    -0.160     0.900    -0.405
    -0.087     0.972    -0.217
    -0.130     0.847    -0.516
    -0.208     0.929    -0.305
    -0.151     0.943    -0.296
    -0.140     0.938    -0.316
     0.077     0.933    -0.351
    -0.213     0.909    -0.359
    -0.132     0.942    -0.309
    -0.178     0.918    -0.353
    -0.058     0.905    -0.422
    -0.019     0.938    -0.346
    -0.252     0.927    -0.279
    -0.000     0.951    -0.309
    -0.368     0.823    -0.433
    -0.054     0.942    -0.332
    -0.264     0.902    -0.341
    -0.231     0.903    -0.362
    -0.100     0.956    -0.276
     0.032     0.953    -0.301
     0.086     0.934    -0.348
     0.020     0.984    -0.178
    -0.094     0.897    -0.431
    -0.221     0.954    -0.203
    -0.034     0.907    -0.420
    -0.152     0.929    -0.338
    -0.194     0.899    -0.393
    -0.182     0.955    -0.234
    -0.028     0.975    -0.220
    -0.024     0.925    -0.380
    -0.284     0.945    -0.161
    -0.161     0.948    -0.273
    -0.178     0.874    -0.452
    -0.144     0.916    -0.374
    -0.140     0.943    -0.302
    -0.220     0.889    -0.402
    -0.253     0.851    -0.460
    -0.076     0.931    -0.358
    -0.156     0.870    -0.467
    -0.176     0.923    -0.342
    -0.049     0.943    -0.330
    -0.003     0.961    -0.276
     0.061     0.961    -0.268
    -0.091     0.939    -0.331
    -0.155     0.909    -0.387
    -0.076     0.963    -0.260
    -0.264     0.894    -0.361
    -0.139     0.870    -0.473
    -0.116     0.942    -0.314
    -0.145     0.961    -0.237
    -0.176     0.975    -0.133
    -0.079     0.904    -0.421
    -0.102     0.938    -0.332
    -0.226     0.876    -0.425
    -0.129     0.911    -0.391
    -0.145     0.942    -0.304
    -0.160     0.863    -0.479
    -0.086     0.929    -0.359
    -0.153     0.979    -0.138
    -0.201     0.944    -0.262
    -0.175     0.961    -0.216
    -0.087     0.967    -0.239
    -0.203     0.978    -0.052
    -0.346     0.856    -0.384
    -0.176     0.941    -0.289
    -0.039     0.999    -0.006
    -0.176     0.844    -0.506
    -0.169     0.918    -0.358
    -0.138     0.920    -0.366
    -0.056     0.935    -0.351
    -0.151     0.908    -0.391
    -0.085     0.967    -0.238
    -0.129     0.933    -0.336
    -0.125     0.968    -0.218
    -0.113     0.915    -0.388
    -0.111     0.932    -0.346
    -0.010     0.941    -0.339
    -0.064     0.912    -0.406
     0.048     0.953    -0.299
    -0.081     0.908    -0.410
    -0.161     0.888    -0.430
    -0.033     0.914    -0.404
     0.016     0.988    -0.154
    -0.102     0.952    -0.289
    -0.073     0.944    -0.321
    -0.234     0.940    -0.247
    -0.105     0.941    -0.321
    -0.164     0.978    -0.126
    -0.019     0.860    -0.510
    -0.004     0.937    -0.350
    -0.100     0.968    -0.228
    -0.169     0.866    -0.471
    -0.141     0.856    -0.498
    -0.026     0.957    -0.288
    -0.084     0.893    -0.442
    -0.160     0.893    -0.421
    -0.055     0.907    -0.418
     0.125     0.949    -0.288
    -0.051     0.873    -0.484
    -0.072     0.944    -0.321
    -0.192     0.922    -0.335
     0.019     0.947    -0.320
    -0.104     0.925    -0.365
    -0.144     0.922    -0.361
    -0.092     0.925    -0.368
    -0.053     0.953    -0.299
     0.016     0.926    -0.377
    -0.197     0.954    -0.226
    -0.251     0.923    -0.291
    -0.265     0.903    -0.339
    -0.161     0.847    -0.506
    -0.139     0.909    -0.393
    -0.007     0.929    -0.370
    -0.229     0.941    -0.249
    -0.241     0.929    -0.280
    -0.203     0.918    -0.341
    -0.182     0.953    -0.244
    -0.039     0.967    -0.251
    -0.232     0.955    -0.186
    -0.121     0.920    -0.372
    -0.153     0.911    -0.382
    -0.096     0.945    -0.312
     0.015     0.931    -0.364
    -0.030     0.927    -0.374
    -0.109     0.918    -0.382
    -0.137     0.962    -0.238
    -0.084     0.951    -0.297
    -0.088     0.949    -0.302
    -0.048     0.914    -0.403
    -0.212     0.923    -0.320
    -0.134     0.875    -0.466
    -0.033     0.928    -0.370
    -0.010     0.954    -0.300
    -0.059     0.948    -0.312
    -0.051     0.956    -0.289
    -0.138     0.939    -0.316
    -0.131     0.920    -0.369
    -0.152     0.924    -0.351
    -0.180     0.964    -0.196
    -0.162     0.877    -0.453
    -0.229     0.850    -0.475
    -0.228     0.896    -0.382
    -0.033     0.929    -0.368
    -0.006     0.977    -0.214
    -0.224     0.912    -0.343
     0.100     0.892    -0.441
    -0.059     0.988    -0.140
    -0.212     0.936    -0.281
    -0.333     0.824    -0.459
    -0.038     0.963    -0.269
    -0.132     0.915    -0.381
    -0.063     0.869    -0.491
    -0.061     0.873    -0.484
    -0.090     0.960    -0.265
    -0.118     0.970    -0.212
     0.040     0.974    -0.224
    -0.046     0.947    -0.319
    -0.077     0.936    -0.344
    -0.069     0.866    -0.495
    -0.178     0.937    -0.302
     0.020     0.937    -0.348
    -0.011     0.955    -0.297
     0.091     0.887    -0.453
    -0.193     0.911    -0.364
    -0.194     0.875    -0.445
    -0.165     0.924    -0.344
    -0.268     0.895    -0.357
    -0.054     0.924    -0.378
    -0.150     0.901    -0.406
    -0.302     0.933    -0.194
    -0.018     0.971    -0.240
    -0.078     0.928    -0.364
    -0.178     0.924    -0.338
    -0.122     0.934    -0.336
    -0.155     0.926    -0.343
    -0.202     0.900    -0.387
    -0.078     0.945    -0.318
    -0.144     0.957    -0.252
    -0.178     0.916    -0.359
    -0.089     0.961    -0.261
    -0.046     0.937    -0.345
    -0.055     0.889    -0.454
    -0.296     0.885    -0.360
    -0.138     0.954    -0.267
    -0.253     0.893    -0.372
    -0.236     0.964    -0.126
    -0.056     0.936    -0.348
    -0.101     0.943    -0.318
    -0.004     0.855    -0.518
    -0.155     0.981    -0.118
    -0.049     0.959    -0.277
    -0.224     0.959    -0.172
    -0.000     0.905    -0.426
    -0.233     0.897    -0.375
    -0.303     0.911    -0.280
     0.048     0.970    -0.240
    -0.164     0.899    -0.407
    -0.236     0.902    -0.362
    -0.180     0.925    -0.334
    -0.057     0.925    -0.376
    -0.285     0.903    -0.321
    -0.076     0.966    -0.246
    -0.128     0.948    -0.292
    -0.173     0.918    -0.356
    -0.128     0.944    -0.304
    -0.167     0.941    -0.293
    -0.119     0.927    -0.357
     0.004     0.925    -0.381
    -0.119     0.969    -0.216
    -0.029     0.889    -0.457
    -0.195     0.853    -0.484
    -0.106     0.919    -0.379
    -0.087     0.961    -0.262
    -0.109     0.912    -0.395
    -0.159     0.915    -0.370
    -0.131     0.953    -0.272
    -0.148     0.917    -0.370
    -0.095     0.944    -0.315
    -0.061     0.939    -0.339
    -0.023     0.945    -0.326
    -0.020     0.931    -0.364
    -0.253     0.845    -0.471
     0.026     0.908    -0.419
    -0.236     0.952    -0.196
    -0.115     0.887    -0.446
    -0.025     0.925    -0.379
     0.061     0.942    -0.331
    -0.031     0.934    -0.356
    -0.047     0.944    -0.327
     0.027     0.961    -0.277
    -0.215     0.948    -0.235
    -0.018     0.954    -0.298
    -0.098     0.921    -0.378
    -0.069     0.997     0.039
    -0.098     0.948    -0.302
    -0.143     0.915    -0.379
    -0.062     0.973    -0.220
    -0.188     0.936    -0.297
    -0.096     0.946    -0.310
    -0.027     0.940    -0.339
    -0.049     0.888    -0.457
    -0.166     0.948    -0.270
    -0.142     0.960    -0.243
    -0.173     0.921    -0.349
    -0.225     0.831    -0.509
    -0.285     0.916    -0.282
    -0.115     0.937    -0.329
    -0.046     0.909    -0.414
    -0.040     0.965    -0.260
    -0.052     0.930    -0.364
    -0.175     0.941    -0.288
    -0.192     0.899    -0.393
    -0.004     0.966    -0.259
    -0.035     0.905    -0.423
    -0.146     0.931    -0.335
    -0.247     0.946    -0.209
    -0.163     0.962    -0.220
    -0.017     0.958    -0.285
    -0.057     0.924    -0.379
    -0.020     0.907    -0.420
    -0.207     0.830    -0.519
    -0.076     0.906    -0.416
    -0.364     0.891    -0.270
    -0.028     0.946    -0.322
    -0.281     0.864    -0.417
    -0.060     0.979    -0.196
    -0.107     0.952    -0.285
    -0.182     0.968    -0.170
    -0.090     0.953    -0.288
    -0.025     0.925    -0.378
     0.012     0.869    -0.494
    -0.232     0.907    -0.351
    -0.083     0.920    -0.384
    -0.174     0.862    -0.475
    -0.243     0.849    -0.469
    -0.073     0.944    -0.322
    -0.157     0.875    -0.457
    -0.170     0.918    -0.358
    -0.179     0.937    -0.300
    -0.178     0.949    -0.261
     0.004     0.954    -0.300
    -0.239     0.947    -0.216
    -0.335     0.873    -0.355
    -0.161     0.886    -0.435
    -0.100     0.918    -0.383
    -0.312     0.830    -0.462
    -0.211     0.888    -0.409
    -0.139     0.922    -0.362
    -0.086     0.981    -0.175
     0.019     0.955    -0.296
    -0.014     0.956    -0.292
    -0.164     0.936    -0.312
    -0.221     0.944    -0.247
    -0.045     0.954    -0.295
    -0.011     0.946    -0.324
    -0.271     0.897    -0.349
    -0.039     0.879    -0.475
    -0.078     0.885    -0.459
    -0.243     0.945    -0.217
    -0.160     0.927    -0.339
    -0.113     0.956    -0.270
    -0.100     0.914    -0.394
    -0.132     0.929    -0.346
    -0.193     0.896    -0.400
     0.009     0.947    -0.322
    -0.088     0.912    -0.400
    -0.088     0.965    -0.246
    -0.114     0.946    -0.303
    -0.004     0.925    -0.381
    -0.082     0.962    -0.262
    -0.030     0.983    -0.182
    -0.331     0.881    -0.338
    -0.044     0.961    -0.274
    -0.111     0.966    -0.233
    -0.113     0.872    -0.476
    -0.350     0.908    -0.230
    -0.162     0.942    -0.292
    -0.064     0.930    -0.361
    -0.191     0.890    -0.413
    -0.018     0.984    -0.179
    -0.168     0.930    -0.327
    -0.112     0.950    -0.291
     0.037     0.993    -0.109
    -0.180     0.936    -0.301
    -0.013     0.903    -0.429
    -0.121     0.924    -0.363
    -0.155     0.931    -0.332
    -0.101     0.972    -0.213
     0.009     0.955    -0.297
    -0.201     0.934    -0.296
    -0.137     0.951    -0.277
     0.063     0.820    -0.569
    -0.101     0.905    -0.413
    -0.283     0.912    -0.298
     0.027     0.945    -0.325
    -0.148     0.953    -0.266
    -0.047     0.892    -0.449
    -0.107     0.899    -0.425
     0.015     0.979    -0.201
    -0.158     0.970    -0.186
    -0.130     0.936    -0.328
    -0.067     0.917    -0.393
    -0.261     0.955    -0.143
    -0.053     0.965    -0.256
    -0.179     0.899    -0.400
    -0.115     0.936    -0.333
    -0.062     0.959    -0.276
    -0.206     0.905    -0.372
    -0.076     0.950    -0.304
    -0.128     0.946    -0.298
    -0.137     0.965    -0.224
    -0.040     0.970    -0.241
    -0.051     0.957    -0.285
    -0.064     0.940    -0.335
    -0.077     0.952    -0.295
    -0.295     0.892    -0.343
    -0.111     0.964    -0.243
    -0.086     0.959    -0.270
    -0.123     0.946    -0.301
    -0.078     0.920    -0.384
    -0.021     0.988    -0.154
    -0.090     0.951    -0.296
    -0.103     0.956    -0.276
    -0.323     0.896    -0.304
    -0.105     0.944    -0.314
    -0.088     0.878    -0.470
    -0.211     0.954    -0.215
    -0.208     0.911    -0.357
     0.024     0.964    -0.264
    -0.029     0.949    -0.313
    -0.172     0.943    -0.284
     0.025     0.974    -0.226
    -0.324     0.922    -0.213
    -0.126     0.949    -0.290
    -0.069     0.886    -0.459
    -0.230     0.882    -0.413
    -0.216     0.922    -0.321
    -0.262     0.917    -0.301
    -0.124     0.901    -0.415
     0.018     0.985    -0.174
    -0.212     0.963    -0.166
    -0.225     0.903    -0.365
    -0.038     0.892    -0.451
    -0.011     0.941    -0.339
     0.073     0.973    -0.217
    -0.150     0.932    -0.330
    -0.012     0.955    -0.297
    -0.027     0.914    -0.405
    -0.108     0.956    -0.273
    -0.028     0.921    -0.389
    -0.119     0.959    -0.258
     0.020     0.930    -0.367
    -0.177     0.910    -0.375
     0.172     0.945    -0.277
    -0.067     0.940    -0.334
    -0.161     0.955    -0.248
    -0.150     0.949    -0.278
     0.023     0.906    -0.424
    -0.330     0.919    -0.214
     0.031     0.933    -0.360
    -0.153     0.934    -0.324
    -0.230     0.952    -0.199
    -0.209     0.888    -0.409
    -0.373     0.899    -0.230
    -0.091     0.965    -0.247
    -0.008     0.934    -0.357
    -0.228     0.884    -0.407
    -0.113     0.950    -0.290
     0.032     0.937    -0.348
    -0.039     0.916    -0.399
     0.046     0.918    -0.393
    -0.021     0.903    -0.430
     0.111     0.927    -0.357
    -0.160     0.962    -0.220
    -0.214     0.944    -0.251
    -0.199     0.896    -0.396
    -0.202     0.953    -0.226
     0.001     0.942    -0.334
    -0.037     0.949    -0.314
    -0.050     0.966    -0.255
    -0.175     0.936    -0.305
    -0.069     0.917    -0.392
    -0.254     0.832    -0.493
    -0.169     0.917    -0.362
    -0.166     0.940    -0.299
    -0.082     0.960    -0.268
    -0.245     0.923    -0.296
    -0.131     0.950    -0.285
    -0.214     0.882    -0.420
    -0.126     0.937    -0.325
    -0.087     0.920    -0.382
    -0.126     0.930    -0.346
    -0.147     0.947    -0.286
     0.011     0.939    -0.344
    -0.194     0.884    -0.425
     0.021     0.974    -0.225
    -0.237     0.920    -0.314
    -0.095     0.916    -0.390
    -0.034     0.923    -0.382
     0.011     0.946    -0.323
    -0.085     0.972    -0.218
    -0.331     0.936    -0.123
    -0.268     0.934    -0.237
    -0.124     0.882    -0.454
    -0.113     0.940    -0.322
    -0.179     0.951    -0.251
    -0.008     0.912    -0.409
    -0.096     0.946    -0.308
    -0.111     0.937    -0.332
    -0.322     0.903    -0.284
    -0.100     0.931    -0.351
    -0.013     0.911    -0.412
    -0.025     0.905    -0.425
    -0.036     0.947    -0.319
     0.052     0.949    -0.311
    -0.044     0.890    -0.454
    -0.106     0.848    -0.519
     0.025     0.952    -0.305
    -0.236     0.791    -0.564
    -0.080     0.934    -0.348
     0.107     0.946    -0.307
     0.036     0.956    -0.293
    -0.090     0.946    -0.312
    -0.013     0.922    -0.387
    -0.328     0.851    -0.410
    -0.133     0.952    -0.275
    -0.258     0.886    -0.386
    -0.287     0.851    -0.440
    -0.136     0.925    -0.355
     0.044     0.948    -0.315
    -0.050     0.970    -0.240
    -0.186     0.944    -0.273
    -0.060     0.935    -0.349
    -0.032     0.966    -0.258
    -0.156     0.899    -0.410
    -0.120     0.904    -0.410
     0.092     0.950    -0.299
    -0.070     0.952    -0.297
    -0.153     0.938    -0.311
    -0.247     0.922    -0.299
    -0.058     0.960    -0.275
    -0.058     0.892    -0.447
    -0.068     0.930    -0.362
    -0.241     0.904    -0.354
    -0.189     0.946    -0.264
    -0.187     0.932    -0.311
    -0.083     0.933    -0.350
    -0.155     0.894    -0.421
    -0.005     0.952    -0.305
    -0.070     0.956    -0.286
    -0.046     0.969    -0.242
    -0.161     0.918    -0.362
    -0.126     0.910    -0.394
    -0.089     0.917    -0.389
    -0.080     0.945    -0.318
    -0.075     0.916    -0.393
    -0.183     0.886    -0.427
    -0.049     0.976    -0.210
    -0.048     0.939    -0.340
    -0.062     0.912    -0.407
    -0.123     0.875    -0.468
    -0.166     0.885    -0.435
    -0.095     0.905    -0.414
    -0.099     0.969    -0.225
    -0.137     0.946    -0.295
    -0.012     0.943    -0.333
    -0.196     0.923    -0.331
    -0.078     0.933    -0.351
    -0.159     0.906    -0.392
    -0.233     0.921    -0.312
    -0.007     0.925    -0.379
    -0.167     0.958    -0.233
    -0.046     0.904    -0.425
    -0.150     0.944    -0.293
    -0.256     0.937    -0.238
    -0.089     0.880    -0.466
    -0.183     0.946    -0.267
    -0.095     0.932    -0.349
     0.086     0.941    -0.327
    -0.059     0.938    -0.341
    -0.306     0.878    -0.368
    -0.128     0.919    -0.373
    -0.023     0.967    -0.254
    -0.071     0.898    -0.435
    -0.030     0.952    -0.306
    -0.132     0.888    -0.440
    -0.075     0.966    -0.249
    -0.114     0.958    -0.264
    -0.255     0.928    -0.270
    -0.148     0.883    -0.446
    -0.128     0.930    -0.346
    -0.134     0.878    -0.460
    -0.102     0.936    -0.336
    -0.030     0.935    -0.352
    -0.267     0.909    -0.320
    -0.059     0.896    -0.440
    -0.181     0.927    -0.328
    -0.169     0.923    -0.345
    -0.121     0.952    -0.281
    -0.132     0.913    -0.386
    -0.184     0.913    -0.364
    -0.113     0.910    -0.400
    -0.255     0.884    -0.391
    -0.049     0.937    -0.345
    -0.212     0.847    -0.488
    -0.174     0.924    -0.340
    -0.133     0.962    -0.238
    -0.225     0.890    -0.397
    -0.008     0.930    -0.367
    -0.065     0.910    -0.410
     0.061     0.979    -0.194
    -0.014     0.950    -0.313
    -0.021     0.957    -0.289
    -0.101     0.905    -0.413
    -0.184     0.947    -0.265
    -0.135     0.920    -0.367
    -0.046     0.947    -0.317
     0.008     0.972    -0.237
    -0.229     0.927    -0.299
    -0.079     0.942    -0.326
    -0.126     0.941    -0.314
    -0.128     0.929    -0.348
    -0.135     0.958    -0.253
    -0.098     0.929    -0.356
    -0.073     0.957    -0.281
    -0.165     0.956    -0.245
    -0.111     0.939    -0.324
    -0.038     0.989    -0.140
    -0.311     0.923    -0.227
    -0.037     0.944    -0.327
    -0.225     0.933    -0.280
    -0.249     0.896    -0.368
    -0.175     0.973    -0.149
    -0.218     0.906    -0.362
    -0.045     0.952    -0.304
    -0.241     0.911    -0.334
    -0.271     0.830    -0.488
    -0.054     0.925    -0.376
    -0.241     0.833    -0.499
    -0.039     0.964    -0.262
    -0.119     0.952    -0.283
    -0.145     0.958    -0.246
    -0.152     0.883    -0.445
     0.071     0.876    -0.477
    -0.165     0.912    -0.375
    -0.217     0.879    -0.425
     0.004     0.967    -0.253
    -0.057     0.986    -0.157
    -0.145     0.976    -0.161
    -0.009     0.967    -0.254
    -0.102     0.910    -0.402
    -0.038     0.984    -0.172
    -0.148     0.967    -0.208
    -0.217     0.889    -0.404
    -0.163     0.924    -0.346
    -0.077     0.939    -0.334
    -0.292     0.906    -0.306
    -0.141     0.963    -0.231
    -0.142     0.856    -0.496
    -0.127     0.937    -0.327
    -0.035     0.901    -0.432
    -0.142     0.894    -0.424
    -0.205     0.910    -0.361
    -0.119     0.930    -0.348
    -0.074     0.900    -0.429
    -0.061     0.969    -0.240
    -0.112     0.922    -0.370
     0.125     0.928    -0.351
    -0.295     0.840    -0.455
    -0.047     0.935    -0.351
    -0.143     0.918    -0.370
    -0.186     0.939    -0.288
    -0.060     0.884    -0.464
    -0.010     0.915    -0.404
    -0.030     0.898    -0.439
     0.017     0.935    -0.355
    -0.041     0.953    -0.301
    -0.227     0.921    -0.318
    -0.154     0.842    -0.518
     0.014     0.905    -0.426
     0.017     0.984    -0.178
    -0.004     0.950    -0.311
    -0.225     0.878    -0.423
    -0.028     0.939    -0.342
    -0.001     0.996    -0.089
    -0.134     0.889    -0.438
    -0.351     0.878    -0.325
    -0.098     0.960    -0.264
    -0.131     0.933    -0.336
    -0.086     0.876    -0.474
    -0.080     0.985    -0.151
    -0.025     0.933    -0.358
     0.056     0.950    -0.308
    -0.174     0.961    -0.217
    -0.057     0.980    -0.193
    -0.163     0.946    -0.279
    -0.064     0.946    -0.319
    -0.151     0.933    -0.326
    -0.019     0.919    -0.394
    -0.025     0.995    -0.101
    -0.057     0.940    -0.336
     0.005     0.968    -0.252
    -0.076     0.958    -0.277
    -0.161     0.955    -0.250
    -0.218     0.911    -0.350
    -0.133     0.933    -0.336
     0.017     0.869    -0.494
     0.034     0.990    -0.134
    -0.137     0.929    -0.343
    -0.082     0.948    -0.307
    -0.219     0.896    -0.386
    -0.123     0.959    -0.254
    -0.199     0.832    -0.518
    -0.110     0.854    -0.508
    -0.103     0.926    -0.364
    -0.144     0.939    -0.311
     0.069     0.946    -0.315
    -0.036     0.900    -0.434
    -0.064     0.968    -0.242
    -0.084     0.948    -0.307
    -0.045     0.974    -0.221
     0.031     0.923    -0.385
    -0.170     0.912    -0.373
    -0.117     0.924    -0.364
    -0.053     0.886    -0.461
    -0.154     0.950    -0.272
    -0.201     0.875    -0.440
    -0.228     0.943    -0.244
    -0.139     0.942    -0.306
    -0.085     0.946    -0.313
    -0.081     0.952    -0.295
     0.037     0.907    -0.419
    -0.126     0.847    -0.516
    -0.074     0.919    -0.388
    -0.058     0.852    -0.520
    -0.028     0.870    -0.492
     0.060     0.913    -0.403
    -0.089     0.956    -0.281
    -0.268     0.903    -0.335
    -0.013     0.956    -0.293
    -0.038     0.895    -0.445
    -0.134     0.925    -0.355
    -0.066     0.924    -0.376
     0.005     0.959    -0.282
    -0.039     0.932    -0.359
    -0.080     0.976    -0.203
    -0.038     0.946    -0.321
    -0.318     0.894    -0.315
    -0.345     0.810    -0.475
    -0.118     0.895    -0.430
    -0.022     0.981    -0.194
    -0.162     0.964    -0.210
    -0.105     0.953    -0.282
    -0.152     0.958    -0.242
    -0.209     0.900    -0.381
    -0.254     0.881    -0.398
    -0.089     0.964    -0.252
    -0.112     0.936    -0.334
    -0.252     0.904    -0.345
     0.001     0.976    -0.217
    -0.216     0.938    -0.271
    -0.089     0.966    -0.244
    -0.170     0.918    -0.359
    -0.173     0.841    -0.513
    -0.234     0.886    -0.399
     0.014     0.916    -0.400
    -0.014     0.957    -0.290
    -0.027     0.956    -0.293
    -0.192     0.887    -0.420
    -0.053     0.961    -0.273
    -0.140     0.914    -0.381
    -0.008     0.948    -0.317
    -0.157     0.960    -0.233
    -0.034     0.959    -0.280
    -0.176     0.902    -0.394
    -0.078     0.902    -0.425
    -0.091     0.929    -0.359
    -0.093     0.958    -0.270
    -0.087     0.926    -0.367
     0.019     0.942    -0.334
    -0.242     0.918    -0.313
    -0.238     0.902    -0.361
    -0.052     0.912    -0.407
    -0.116     0.963    -0.243
    -0.197     0.941    -0.274
    -0.033     0.940    -0.340
    -0.230     0.948    -0.219
    -0.064     0.964    -0.260
    -0.152     0.961    -0.233
    -0.190     0.933    -0.304
    -0.029     0.883    -0.469
    -0.125     0.959    -0.253
    -0.081     0.971    -0.224
    -0.062     0.937    -0.345
    -0.370     0.864    -0.342
    -0.175     0.956    -0.237
    -0.155     0.939    -0.306
    -0.045     0.964    -0.261
     0.042     0.928    -0.371
    -0.176     0.911    -0.374
    -0.074     0.897    -0.435
    -0.081     0.960    -0.268
    -0.007     0.991    -0.134
    -0.201     0.864    -0.462
    -0.035     0.873    -0.487
    -0.150     0.948    -0.281
    -0.083     0.940    -0.330
    -0.102     0.953    -0.286
    -0.020     0.963    -0.269
    -0.233     0.943    -0.236
    -0.107     0.868    -0.484
    -0.039     0.965    -0.258
    -0.161     0.932    -0.325
    -0.078     0.955    -0.286
    -0.061     0.933    -0.355
    -0.176     0.936    -0.305
    -0.167     0.886    -0.433
    -0.038     0.906    -0.421
     0.022     0.986    -0.164
    -0.129     0.934    -0.333
    -0.062     0.916    -0.396
    -0.134     0.934    -0.332
    -0.135     0.944    -0.301
    -0.333     0.819    -0.467
     0.085     0.949    -0.304
    -0.168     0.940    -0.297
    -0.255     0.915    -0.312
     0.022     0.939    -0.344
    -0.004     0.964    -0.266
     0.066     0.938    -0.341
    -0.063     0.959    -0.278
    -0.303     0.922    -0.239
    -0.140     0.886    -0.442
    -0.085     0.927    -0.366
    -0.204     0.877    -0.434
    -0.024     0.957    -0.289
    -0.113     0.903    -0.414
    -0.103     0.947    -0.305
    -0.073     0.915    -0.398
    -0.260     0.944    -0.204
    -0.036     0.969    -0.246
    -0.001     0.976    -0.219
     0.019     0.960    -0.278
    -0.063     0.968    -0.243
    -0.102     0.931    -0.352
    -0.232     0.907    -0.351
    -0.069     0.962    -0.266
     0.056     0.957    -0.285
     0.017     0.924    -0.383
