     0.560    -0.365     0.744
     0.597    -0.466     0.653
     0.543    -0.229     0.808
     0.674    -0.378     0.635
     0.524    -0.417     0.743
     0.553    -0.362     0.750
     0.541    -0.476     0.694
     0.575    -0.311     0.757
     0.566    -0.357     0.743
     0.538    -0.381     0.752
     0.597    -0.404     0.693
     0.558    -0.481     0.676
     0.594    -0.474     0.650
     0.631    -0.341     0.697
     0.599    -0.440     0.669
     0.511    -0.360     0.780
     0.615    -0.253     0.747
     0.560    -0.388     0.732
     0.572    -0.381     0.727
     0.641    -0.282     0.713
     0.619    -0.511     0.596
     0.616    -0.294     0.731
     0.536    -0.449     0.715
     0.497    -0.389     0.776
     0.641    -0.220     0.735
     0.651    -0.237     0.721
     0.606    -0.461     0.648
     0.563    -0.405     0.721
     0.599    -0.315     0.736
     0.554    -0.495     0.670
     0.515    -0.325     0.794
     0.568    -0.471     0.675
     0.631    -0.332     0.701
     0.516    -0.246     0.820
     0.474    -0.553     0.685
     0.672    -0.348     0.654
     0.516    -0.273     0.812
     0.517    -0.419     0.746
     0.563    -0.458     0.688
     0.585    -0.376     0.719
     0.546    -0.352     0.760
     0.746    -0.268     0.610
     0.601    -0.507     0.617
     0.416    -0.557     0.719
     0.611    -0.401     0.683
     0.557    -0.395     0.730
     0.524    -0.423     0.739
     0.526    -0.329     0.784
     0.661    -0.355     0.661
     0.612    -0.236     0.754
     0.727    -0.372     0.576
     0.666    -0.318     0.675
     0.622    -0.390     0.679
     0.735    -0.323     0.596
     0.576    -0.434     0.693
     0.701    -0.347     0.623
     0.666    -0.338     0.665
     0.511    -0.474     0.717
     0.636    -0.415     0.650
     0.522    -0.507     0.686
     0.642    -0.308     0.703
     0.599    -0.362     0.715
     0.543    -0.365     0.756
     0.504    -0.398     0.766
     0.438    -0.506     0.743
     0.593    -0.439     0.675
     0.508    -0.365     0.780
     0.573    -0.487     0.660
     0.505    -0.294     0.812
     0.492    -0.438     0.752
     0.674    -0.360     0.645
     0.517    -0.406     0.753
     0.566    -0.440     0.697
     0.503    -0.535     0.679
     0.491    -0.480     0.727
     0.631    -0.285     0.721
     0.647    -0.353     0.676
     0.540    -0.270     0.797
     0.658    -0.418     0.626
     0.544    -0.394     0.741
     0.678    -0.349     0.647
     0.608    -0.318     0.728
     0.497    -0.393     0.774
     0.542    -0.348     0.765
     0.636    -0.352     0.686
     0.545    -0.392     0.741
     0.472    -0.537     0.699
     0.602    -0.434     0.670
     0.486    -0.478     0.732
     0.686    -0.347     0.640
     0.648    -0.382     0.659
     0.496    -0.458     0.738
     0.508    -0.325     0.798
     0.499    -0.379     0.779
     0.564    -0.583     0.585
     0.491    -0.448     0.747
     0.662    -0.382     0.645
     0.537    -0.371     0.758
     0.653    -0.476     0.589
     0.587    -0.434     0.684
     0.578    -0.330     0.747
     0.574    -0.449     0.685
     0.600    -0.369     0.710
     0.565    -0.378     0.733
     0.594    -0.419     0.687
     0.467    -0.359     0.808
     0.548    -0.438     0.713
     0.599    -0.408     0.689
     0.581    -0.379     0.720
     0.615    -0.465     0.637
     0.674    -0.423     0.605
     0.706    -0.249     0.663
     0.587    -0.298     0.753
     0.422    -0.545     0.725
     0.650    -0.352     0.673
     0.668    -0.268     0.695
     0.591    -0.353     0.725
     0.662    -0.379     0.646
     0.465    -0.459     0.757
     0.603    -0.475     0.641
     0.439    -0.565     0.699
     0.452    -0.469     0.759
     0.593    -0.468     0.656
     0.493    -0.463     0.736
     0.580    -0.359     0.731
     0.697    -0.388     0.604
     0.558    -0.287     0.778
     0.519    -0.306     0.798
     0.582    -0.370     0.725
     0.562    -0.440     0.700
     0.469    -0.381     0.796
     0.606    -0.350     0.715
     0.544    -0.370     0.753
     0.514    -0.357     0.780
     0.531    -0.364     0.765
     0.579    -0.419     0.700
     0.678    -0.328     0.658
     0.626    -0.296     0.721
     0.614    -0.371     0.697
     0.596    -0.342     0.727
     0.589    -0.368     0.720
     0.632    -0.414     0.655
     0.581    -0.318     0.749
     0.468    -0.384     0.796
     0.557    -0.408     0.723
     0.682    -0.349     0.643
     0.343    -0.517     0.785
     0.657    -0.379     0.652
     0.546    -0.387     0.743
     0.555    -0.449     0.700
     0.703    -0.266     0.660
     0.490    -0.521     0.699
     0.623    -0.318     0.715
     0.482    -0.385     0.787
     0.569    -0.446     0.691
     0.535    -0.300     0.790
     0.539    -0.415     0.733
     0.770    -0.283     0.572
     0.618    -0.424     0.662
     0.664    -0.209     0.718
     0.597    -0.281     0.752
     0.672    -0.266     0.691
     0.572    -0.413     0.709
     0.587    -0.344     0.733
     0.446    -0.432     0.784
     0.498    -0.375     0.782
     0.610    -0.463     0.643
     0.662    -0.348     0.663
     0.563    -0.409     0.718
     0.551    -0.476     0.686
     0.537    -0.405     0.740
     0.726    -0.434     0.534
     0.597    -0.362     0.716
     0.644    -0.345     0.683
     0.471    -0.546     0.693
     0.621    -0.341     0.706
     0.504    -0.377     0.777
     0.470    -0.463     0.751
     0.486    -0.392     0.781
     0.566    -0.369     0.738
     0.606    -0.480     0.634
     0.487    -0.449     0.749
     0.571    -0.419     0.706
     0.592    -0.417     0.690
     0.454    -0.510     0.731
     0.517    -0.540     0.664
     0.546    -0.364     0.755
     0.637    -0.347     0.689
     0.566    -0.419     0.710
     0.594    -0.336     0.731
     0.660    -0.385     0.645
     0.599    -0.386     0.701
     0.549    -0.433     0.715
     0.516    -0.302     0.802
     0.594    -0.424     0.684
     0.630    -0.420     0.653
     0.683    -0.433     0.588
     0.579    -0.304     0.757
     0.500    -0.542     0.676
     0.646    -0.433     0.628
     0.651    -0.343     0.678
     0.576    -0.413     0.705
     0.390    -0.466     0.794
     0.461    -0.377     0.803
     0.534    -0.502     0.680
     0.609    -0.363     0.705
     0.621    -0.363     0.695
     0.515    -0.269     0.814
     0.602    -0.345     0.719
     0.621    -0.405     0.671
     0.430    -0.486     0.761
     0.597    -0.421     0.683
     0.635    -0.269     0.724
     0.505    -0.411     0.759
     0.588    -0.483     0.649
     0.433    -0.256     0.864
     0.671    -0.384     0.635
     0.528    -0.354     0.772
     0.620    -0.338     0.708
     0.725    -0.169     0.667
     0.520    -0.390     0.760
     0.665    -0.282     0.691
     0.585    -0.353     0.730
     0.468    -0.400     0.788
     0.571    -0.411     0.711
     0.544    -0.481     0.687
     0.572    -0.375     0.729
     0.635    -0.492     0.595
     0.525    -0.526     0.669
     0.643    -0.275     0.715
     0.579    -0.207     0.788
     0.730    -0.345     0.590
     0.562    -0.426     0.709
     0.636    -0.337     0.694
     0.641    -0.393     0.660
     0.463    -0.428     0.776
     0.632    -0.319     0.706
     0.604    -0.397     0.691
     0.579    -0.405     0.708
     0.685    -0.310     0.660
     0.611    -0.390     0.689
     0.648    -0.293     0.703
     0.588    -0.421     0.691
     0.642    -0.291     0.709
     0.643    -0.445     0.624
     0.520    -0.330     0.788
     0.583    -0.404     0.705
     0.491    -0.373     0.788
     0.710    -0.313     0.631
     0.559    -0.506     0.657
     0.638    -0.377     0.671
     0.621    -0.393     0.679
     0.563    -0.431     0.706
     0.568    -0.455     0.686
     0.549    -0.380     0.745
     0.504    -0.507     0.699
     0.565    -0.273     0.779
     0.556    -0.425     0.714
     0.522    -0.507     0.686
     0.573    -0.406     0.712
     0.693    -0.288     0.662
     0.552    -0.582     0.597
     0.537    -0.474     0.698
     0.590    -0.361     0.722
     0.576    -0.439     0.689
     0.565    -0.352     0.746
     0.586    -0.320     0.745
     0.544    -0.401     0.737
     0.510    -0.348     0.787
     0.575    -0.355     0.737
     0.691    -0.323     0.647
     0.787    -0.194     0.586
     0.521    -0.451     0.725
     0.660    -0.315     0.682
     0.642    -0.499     0.582
     0.665    -0.383     0.641
     0.628    -0.425     0.652
     0.619    -0.411     0.669
     0.597    -0.442     0.669
     0.487    -0.345     0.802
     0.558    -0.386     0.734
     0.511    -0.421     0.749
     0.492    -0.422     0.762
     0.675    -0.223     0.704
     0.521    -0.428     0.738
     0.650    -0.282     0.706
     0.577    -0.455     0.678
     0.751    -0.279     0.599
     0.501    -0.381     0.777
     0.619    -0.478     0.623
     0.472    -0.552     0.688
     0.719    -0.192     0.668
     0.531    -0.377     0.759
     0.559    -0.300     0.773
     0.509    -0.490     0.708
     0.595    -0.237     0.768
     0.562    -0.387     0.731
     0.456    -0.494     0.740
     0.587    -0.178     0.790
     0.560    -0.363     0.745
     0.439    -0.432     0.787
     0.583    -0.418     0.696
     0.658    -0.317     0.683
     0.449    -0.416     0.791
     0.612    -0.503     0.611
     0.580    -0.250     0.776
     0.522    -0.471     0.711
     0.653    -0.389     0.650
     0.587    -0.352     0.729
     0.547    -0.443     0.710
     0.464    -0.374     0.803
     0.655    -0.334     0.677
     0.532    -0.432     0.728
     0.467    -0.415     0.781
     0.616    -0.361     0.700
     0.654    -0.406     0.638
     0.663    -0.402     0.632
     0.600    -0.250     0.760
     0.567    -0.394     0.723
     0.588    -0.502     0.634
     0.625    -0.332     0.707
     0.542    -0.479     0.691
     0.584    -0.455     0.672
     0.602    -0.438     0.668
     0.563    -0.396     0.726
     0.548    -0.490     0.678
     0.524    -0.433     0.734
     0.652    -0.339     0.678
     0.484    -0.523     0.701
     0.557    -0.433     0.709
     0.591    -0.474     0.653
     0.708    -0.335     0.621
     0.595    -0.331     0.732
     0.642    -0.421     0.641
     0.563    -0.413     0.715
     0.641    -0.324     0.696
     0.501    -0.387     0.774
     0.557    -0.454     0.695
     0.619    -0.350     0.704
     0.519    -0.285     0.806
     0.687    -0.314     0.655
     0.599    -0.353     0.718
     0.611    -0.403     0.681
     0.606    -0.359     0.710
     0.581    -0.460     0.672
     0.630    -0.365     0.686
     0.590    -0.228     0.775
     0.643    -0.438     0.628
     0.531    -0.426     0.732
     0.501    -0.267     0.823
     0.581    -0.403     0.708
     0.566    -0.406     0.718
     0.549    -0.394     0.737
     0.464    -0.428     0.776
     0.513    -0.364     0.777
     0.569    -0.342     0.748
     0.613    -0.238     0.753
     0.621    -0.285     0.730
     0.531    -0.423     0.734
     0.542    -0.225     0.809
     0.682    -0.383     0.623
     0.678    -0.221     0.701
     0.616    -0.332     0.714
     0.532    -0.382     0.756
     0.562    -0.423     0.711
     0.591    -0.336     0.734
     0.489    -0.443     0.751
     0.589    -0.310     0.746
     0.671    -0.339     0.659
     0.632    -0.375     0.679
     0.675    -0.366     0.641
     0.698    -0.285     0.657
     0.620    -0.373     0.690
     0.659    -0.411     0.629
     0.653    -0.382     0.654
     0.640    -0.431     0.637
     0.548    -0.457     0.700
     0.559    -0.324     0.763
     0.594    -0.334     0.731
     0.539    -0.251     0.804
     0.633    -0.394     0.666
     0.583    -0.364     0.726
     0.522    -0.419     0.743
     0.535    -0.358     0.765
     0.662    -0.362     0.656
     0.626    -0.417     0.659
     0.643    -0.408     0.648
     0.531    -0.227     0.816
     0.598    -0.403     0.693
     0.522    -0.409     0.748
     0.491    -0.437     0.754
     0.627    -0.422     0.655
     0.594    -0.412     0.691
     0.580    -0.301     0.757
     0.470    -0.341     0.814
     0.572    -0.427     0.700
     0.603    -0.445     0.662
     0.571    -0.385     0.725
     0.608    -0.278     0.743
     0.529    -0.452     0.718
     0.515    -0.400     0.758
     0.424    -0.358     0.832
     0.532    -0.428     0.731
     0.592    -0.387     0.707
     0.534    -0.435     0.725
     0.605    -0.349     0.716
     0.663    -0.479     0.575
     0.517    -0.505     0.691
     0.465    -0.447     0.764
     0.578    -0.282     0.766
     0.641    -0.423     0.641
     0.548    -0.490     0.678
     0.621    -0.310     0.720
     0.535    -0.311     0.785
     0.481    -0.483     0.732
     0.547    -0.393     0.739
     0.471    -0.404     0.784
     0.614    -0.318     0.722
     0.660    -0.366     0.657
     0.525    -0.358     0.772
     0.584    -0.409     0.701
     0.607    -0.452     0.653
     0.622    -0.338     0.706
     0.466    -0.423     0.777
     0.647    -0.460     0.609
     0.577    -0.410     0.706
     0.604    -0.314     0.733
     0.647    -0.297     0.702
     0.524    -0.382     0.761
     0.543    -0.424     0.724
     0.718    -0.302     0.627
     0.509    -0.457     0.729
     0.717    -0.410     0.564
     0.699    -0.271     0.662
     0.649    -0.317     0.691
     0.667    -0.439     0.602
     0.597    -0.388     0.703
     0.621    -0.461     0.634
     0.517    -0.357     0.778
     0.615    -0.428     0.662
     0.468    -0.410     0.783
     0.616    -0.326     0.717
     0.507    -0.381     0.773
     0.597    -0.253     0.761
     0.604    -0.357     0.712
     0.600    -0.539     0.591
     0.598    -0.410     0.689
     0.596    -0.361     0.717
     0.715    -0.283     0.639
     0.571    -0.395     0.720
     0.472    -0.412     0.779
     0.561    -0.352     0.749
     0.675    -0.341     0.654
     0.606    -0.366     0.707
     0.639    -0.312     0.703
     0.449    -0.515     0.730
     0.590    -0.305     0.747
     0.577    -0.350     0.738
     0.564    -0.371     0.738
     0.476    -0.410     0.778
     0.592    -0.326     0.737
     0.592    -0.311     0.744
     0.559    -0.474     0.680
     0.648    -0.307     0.697
     0.592    -0.447     0.671
     0.516    -0.308     0.799
     0.541    -0.438     0.718
     0.523    -0.416     0.744
     0.558    -0.336     0.759
     0.622    -0.279     0.732
     0.537    -0.441     0.719
     0.635    -0.377     0.674
     0.535    -0.436     0.724
     0.470    -0.417     0.778
     0.598    -0.325     0.732
     0.521    -0.477     0.708
     0.560    -0.338     0.756
     0.650    -0.263     0.713
     0.650    -0.369     0.664
     0.636    -0.359     0.683
     0.603    -0.440     0.665
     0.455    -0.436     0.776
     0.635    -0.308     0.708
     0.626    -0.332     0.706
     0.593    -0.425     0.684
     0.491    -0.434     0.756
     0.584    -0.263     0.768
     0.543    -0.404     0.736
     0.622    -0.406     0.670
     0.601    -0.246     0.761
     0.573    -0.450     0.685
     0.568    -0.269     0.778
     0.680    -0.288     0.674
     0.602    -0.436     0.669
     0.663    -0.321     0.676
     0.612    -0.351     0.709
     0.537    -0.427     0.728
     0.536    -0.376     0.756
     0.588    -0.359     0.725
     0.605    -0.368     0.706
     0.529    -0.401     0.748
     0.672    -0.435     0.599
     0.572    -0.206     0.794
     0.634    -0.363     0.683
     0.467    -0.409     0.784
     0.539    -0.297     0.788
     0.620    -0.476     0.624
     0.586    -0.454     0.671
     0.665    -0.231     0.711
     0.473    -0.323     0.819
     0.699    -0.248     0.670
     0.540    -0.452     0.710
     0.623    -0.468     0.627
     0.647    -0.372     0.666
     0.595    -0.508     0.622
     0.598    -0.361     0.716
     0.538    -0.439     0.720
     0.699    -0.284     0.657
     0.509    -0.462     0.726
     0.537    -0.339     0.773
     0.476    -0.396     0.785
     0.621    -0.379     0.686
     0.581    -0.314     0.751
     0.591    -0.318     0.741
     0.625    -0.368     0.688
     0.466    -0.487     0.739
     0.568    -0.353     0.744
     0.574    -0.284     0.768
     0.626    -0.315     0.713
     0.569    -0.463     0.680
     0.356    -0.439     0.825
     0.559    -0.371     0.741
     0.593    -0.466     0.657
     0.647    -0.346     0.680
     0.517    -0.493     0.700
     0.631    -0.241     0.737
     0.741    -0.252     0.622
     0.615    -0.348     0.708
     0.475    -0.425     0.771
     0.627    -0.512     0.587
     0.581    -0.371     0.725
     0.570    -0.385     0.726
     0.553    -0.414     0.723
     0.692    -0.203     0.692
     0.653    -0.368     0.662
     0.526    -0.424     0.738
     0.673    -0.313     0.670
     0.551    -0.418     0.722
     0.525    -0.538     0.660
     0.495    -0.424     0.758
     0.687    -0.337     0.643
     0.617    -0.449     0.647
     0.625    -0.341     0.702
     0.628    -0.265     0.732
     0.526    -0.334     0.782
     0.543    -0.313     0.779
     0.575    -0.418     0.703
     0.517    -0.410     0.751
     0.523    -0.376     0.765
     0.570    -0.381     0.728
     0.511    -0.472     0.719
     0.447    -0.528     0.722
     0.565    -0.376     0.734
     0.580    -0.434     0.690
     0.648    -0.367     0.668
     0.417    -0.417     0.808
     0.622    -0.397     0.675
     0.436    -0.430     0.791
     0.647    -0.455     0.612
     0.379    -0.422     0.824
     0.609    -0.385     0.694
     0.654    -0.278     0.703
     0.515    -0.482     0.709
     0.676    -0.309     0.668
     0.564    -0.338     0.754
     0.646    -0.359     0.673
     0.530    -0.447     0.721
     0.556    -0.335     0.760
     0.640    -0.401     0.656
     0.653    -0.341     0.676
     0.600    -0.395     0.695
     0.680    -0.347     0.646
     0.669    -0.281     0.688
     0.519    -0.316     0.794
     0.534    -0.400     0.744
     0.597    -0.241     0.765
     0.678    -0.305     0.669
     0.485    -0.485     0.727
     0.679    -0.252     0.689
     0.630    -0.362     0.688
     0.570    -0.493     0.657
     0.605    -0.520     0.603
     0.638    -0.251     0.728
     0.492    -0.420     0.763
     0.581    -0.385     0.717
     0.585    -0.339     0.737
     0.614    -0.307     0.727
     0.619    -0.344     0.706
     0.520    -0.489     0.700
     0.456    -0.486     0.745
     0.617    -0.353     0.703
     0.541    -0.449     0.712
     0.601    -0.272     0.751
     0.545    -0.487     0.683
     0.494    -0.490     0.718
     0.599    -0.399     0.695
     0.660    -0.342     0.669
     0.546    -0.439     0.714
     0.571    -0.390     0.722
     0.599    -0.278     0.751
     0.531    -0.465     0.709
     0.602    -0.458     0.654
     0.579    -0.397     0.713
     0.549    -0.394     0.737
     0.493    -0.501     0.711
     0.608    -0.408     0.681
     0.623    -0.291     0.726
     0.562    -0.341     0.753
     0.552    -0.397     0.733
     0.556    -0.393     0.733
     0.562    -0.405     0.721
     0.529    -0.438     0.727
     0.673    -0.331     0.662
     0.479    -0.479     0.736
     0.590    -0.387     0.709
     0.597    -0.274     0.754
     0.588    -0.304     0.750
     0.664    -0.304     0.683
     0.587    -0.381     0.714
     0.596    -0.438     0.673
     0.583    -0.326     0.744
     0.697    -0.274     0.663
     0.575    -0.383     0.723
     0.487    -0.486     0.726
     0.576    -0.437     0.691
     0.625    -0.323     0.710
     0.490    -0.291     0.821
     0.509    -0.367     0.779
     0.598    -0.341     0.725
     0.572    -0.363     0.735
     0.579    -0.451     0.680
     0.618    -0.339     0.709
     0.645    -0.365     0.671
     0.599    -0.380     0.705
     0.475    -0.425     0.770
     0.562    -0.577     0.593
     0.465    -0.426     0.776
     0.556    -0.314     0.769
     0.585    -0.410     0.700
     0.547    -0.299     0.782
     0.523    -0.343     0.780
     0.640    -0.267     0.720
     0.633    -0.344     0.693
     0.647    -0.321     0.692
     0.594    -0.468     0.654
     0.433    -0.397     0.809
     0.556    -0.435     0.708
     0.512    -0.361     0.779
     0.575    -0.384     0.722
     0.589    -0.414     0.693
     0.489    -0.409     0.771
     0.426    -0.418     0.802
     0.476    -0.514     0.714
     0.674    -0.415     0.611
     0.667    -0.441     0.600
     0.508    -0.500     0.701
     0.575    -0.388     0.720
     0.560    -0.406     0.722
     0.543    -0.437     0.717
     0.525    -0.426     0.737
     0.635    -0.480     0.605
     0.603    -0.392     0.694
     0.667    -0.317     0.675
     0.611    -0.499     0.615
     0.459    -0.260     0.850
     0.630    -0.368     0.684
     0.610    -0.393     0.688
     0.545    -0.434     0.717
     0.610    -0.438     0.661
     0.650    -0.301     0.698
     0.547    -0.372     0.750
     0.653    -0.468     0.595
     0.491    -0.497     0.715
     0.597    -0.295     0.746
     0.495    -0.506     0.706
     0.550    -0.485     0.680
     0.607    -0.398     0.688
     0.546    -0.435     0.716
     0.596    -0.511     0.619
     0.495    -0.546     0.676
     0.701    -0.288     0.652
     0.654    -0.333     0.679
     0.580    -0.390     0.715
     0.720    -0.259     0.644
     0.481    -0.496     0.723
     0.569    -0.386     0.726
     0.567    -0.402     0.719
     0.546    -0.371     0.751
     0.582    -0.361     0.729
     0.494    -0.472     0.731
     0.572    -0.320     0.755
     0.635    -0.473     0.610
     0.562    -0.364     0.743
     0.608    -0.337     0.719
     0.606    -0.351     0.714
     0.698    -0.272     0.662
     0.666    -0.323     0.672
     0.442    -0.433     0.786
     0.696    -0.389     0.604
     0.524    -0.389     0.757
     0.462    -0.440     0.770
     0.598    -0.361     0.715
     0.599    -0.303     0.741
     0.569    -0.360     0.740
     0.481    -0.439     0.759
     0.617    -0.382     0.688
     0.560    -0.485     0.672
     0.537    -0.452     0.712
     0.505    -0.473     0.722
     0.562    -0.394     0.727
     0.679    -0.407     0.611
     0.564    -0.527     0.636
     0.585    -0.312     0.748
     0.566    -0.357     0.744
     0.624    -0.387     0.679
     0.534    -0.493     0.687
     0.666    -0.381     0.641
     0.716    -0.351     0.604
     0.679    -0.343     0.649
     0.544    -0.384     0.746
     0.554    -0.525     0.646
     0.487    -0.481     0.729
     0.587    -0.474     0.657
     0.604    -0.316     0.732
     0.563    -0.305     0.768
     0.591    -0.500     0.633
     0.632    -0.448     0.632
     0.567    -0.506     0.650
     0.494    -0.375     0.784
     0.555    -0.536     0.636
     0.469    -0.335     0.817
     0.512    -0.364     0.779
     0.448    -0.489     0.748
     0.685    -0.315     0.657
     0.619    -0.412     0.668
     0.523    -0.377     0.764
     0.620    -0.355     0.699
     0.605    -0.245     0.758
     0.555    -0.404     0.727
     0.546    -0.424     0.723
     0.529    -0.457     0.715
     0.515    -0.409     0.754
     0.694    -0.317     0.646
     0.588    -0.352     0.728
     0.614    -0.333     0.715
     0.592    -0.357     0.723
     0.579    -0.571     0.581
     0.587    -0.383     0.713
     0.489    -0.394     0.778
     0.588    -0.409     0.698
     0.728    -0.418     0.544
     0.552    -0.541     0.635
     0.481    -0.337     0.809
     0.631    -0.416     0.655
     0.632    -0.351     0.690
     0.491    -0.455     0.743
     0.623    -0.322     0.713
     0.577    -0.313     0.754
     0.487    -0.423     0.764
     0.571    -0.406     0.713
     0.510    -0.444     0.736
     0.558    -0.398     0.729
     0.538    -0.377     0.754
     0.556    -0.296     0.777
     0.591    -0.390     0.707
     0.593    -0.453     0.666
     0.522    -0.410     0.748
     0.616    -0.458     0.641
     0.610    -0.438     0.660
     0.615    -0.260     0.744
     0.599    -0.502     0.624
     0.547    -0.290     0.785
     0.483    -0.380     0.789
     0.541    -0.345     0.767
     0.629    -0.250     0.736
     0.475    -0.377     0.795
     0.626    -0.390     0.675
     0.631    -0.345     0.694
     0.599    -0.219     0.770
     0.609    -0.410     0.679
     0.599    -0.337     0.727
     0.491    -0.400     0.774
     0.532    -0.441     0.723
     0.566    -0.439     0.698
     0.690    -0.341     0.638
     0.632    -0.490     0.600
     0.594    -0.331     0.733
     0.496    -0.437     0.750
     0.491    -0.296     0.819
     0.500    -0.412     0.762
     0.679    -0.370     0.634
     0.696    -0.386     0.605
     0.602    -0.408     0.687
     0.642    -0.358     0.678
     0.721    -0.321     0.614
     0.498    -0.354     0.792
     0.561    -0.436     0.704
     0.563    -0.432     0.705
     0.685    -0.411     0.601
     0.695    -0.307     0.650
     0.566    -0.426     0.706
     0.552    -0.409     0.727
     0.541    -0.426     0.725
     0.592    -0.279     0.756
     0.471    -0.493     0.731
     0.524    -0.441     0.729
     0.560    -0.459     0.690
     0.560    -0.360     0.746
     0.562    -0.406     0.721
     0.583    -0.421     0.695
     0.574    -0.452     0.682
     0.463    -0.541     0.703
     0.656    -0.426     0.623
     0.611    -0.364     0.703
     0.566    -0.398     0.722
     0.651    -0.307     0.694
     0.625    -0.343     0.701
     0.520    -0.372     0.769
     0.615    -0.306     0.727
     0.595    -0.423     0.683
     0.558    -0.401     0.726
     0.499    -0.564     0.658
     0.580    -0.413     0.702
     0.616    -0.337     0.713
     0.454    -0.433     0.779
     0.516    -0.345     0.784
     0.629    -0.313     0.711
     0.496    -0.320     0.807
     0.647    -0.372     0.666
     0.456    -0.387     0.801
     0.572    -0.246     0.783
     0.628    -0.309     0.714
     0.587    -0.451     0.672
     0.594    -0.380     0.709
     0.646    -0.394     0.653
     0.621    -0.357     0.698
     0.396    -0.467     0.790
     0.679    -0.323     0.660
     0.537    -0.340     0.772
     0.725    -0.197     0.660
     0.553    -0.437     0.709
     0.530    -0.433     0.729
     0.518    -0.435     0.737
     0.518    -0.397     0.758
     0.472    -0.297     0.830
     0.548    -0.322     0.772
     0.593    -0.336     0.732
     0.483    -0.242     0.842
     0.648    -0.414     0.639
     0.572    -0.435     0.695
     0.634    -0.410     0.656
     0.627    -0.474     0.618
     0.594    -0.483     0.644
     0.472    -0.518     0.713
     0.588    -0.369     0.720
     0.664    -0.320     0.676
     0.634    -0.290     0.716
     0.603    -0.345     0.719
     0.559    -0.411     0.720
     0.525    -0.461     0.716
     0.654    -0.305     0.692
     0.623    -0.354     0.698
     0.481    -0.446     0.755
     0.611    -0.304     0.731
     0.742    -0.405     0.534
     0.580    -0.440     0.686
     0.523    -0.273     0.807
     0.681    -0.385     0.623
     0.571    -0.468     0.675
     0.660    -0.431     0.615
     0.598    -0.470     0.649
     0.664    -0.243     0.707
     0.539    -0.345     0.769
     0.603    -0.323     0.729
     0.587    -0.470     0.659
     0.552    -0.586     0.593
     0.388    -0.624     0.678
     0.579    -0.444     0.684
     0.628    -0.310     0.714
     0.557    -0.409     0.722
     0.760    -0.297     0.578
     0.554    -0.409     0.725
     0.668    -0.324     0.670
     0.493    -0.464     0.736
     0.558    -0.330     0.762
     0.583    -0.364     0.727
     0.505    -0.451     0.736
     0.629    -0.342     0.698
     0.499    -0.437     0.748
     0.464    -0.489     0.739
     0.499    -0.366     0.786
     0.423    -0.459     0.781
     0.664    -0.375     0.646
     0.564    -0.286     0.775
     0.659    -0.348     0.667
     0.544    -0.352     0.762
     0.546    -0.385     0.744
     0.654    -0.407     0.637
     0.571    -0.470     0.672
     0.571    -0.384     0.725
     0.581    -0.400     0.709
     0.598    -0.384     0.704
     0.566    -0.454     0.688
     0.549    -0.319     0.772
     0.531    -0.464     0.709
     0.580    -0.513     0.632
     0.577    -0.286     0.765
     0.674    -0.320     0.666
     0.559    -0.337     0.758
     0.521    -0.454     0.723
     0.638    -0.400     0.658
     0.605    -0.472     0.642
     0.712    -0.294     0.637
     0.634    -0.337     0.696
     0.608    -0.397     0.688
     0.570    -0.493     0.657
     0.623    -0.275     0.732
     0.696    -0.186     0.693
     0.517    -0.281     0.809
     0.545    -0.397     0.738
     0.494    -0.353     0.795
     0.500    -0.346     0.794
     0.605    -0.391     0.693
     0.566    -0.327     0.757
     0.533    -0.336     0.777
     0.621    -0.398     0.675
     0.505    -0.322     0.801
     0.576    -0.349     0.739
     0.591    -0.351     0.726
     0.576    -0.425     0.699
     0.484    -0.427     0.764
     0.539    -0.375     0.754
     0.726    -0.422     0.542
     0.607    -0.348     0.715
     0.516    -0.493     0.700
     0.529    -0.357     0.770
     0.646    -0.325     0.691
     0.741    -0.370     0.560
     0.638    -0.258     0.725
     0.468    -0.388     0.794
     0.673    -0.391     0.629
     0.662    -0.318     0.679
     0.599    -0.396     0.696
     0.569    -0.260     0.780
     0.640    -0.351     0.683
     0.612    -0.402     0.681
     0.579    -0.393     0.714
     0.683    -0.253     0.685
     0.569    -0.469     0.675
     0.519    -0.486     0.703
     0.503    -0.574     0.646
     0.492    -0.388     0.780
     0.544    -0.469     0.696
     0.606    -0.411     0.681
     0.548    -0.421     0.723
     0.740    -0.348     0.576
     0.469    -0.344     0.813
     0.591    -0.405     0.698
     0.564    -0.437     0.701
     0.567    -0.321     0.758
     0.590    -0.514     0.623
     0.609    -0.386     0.693
     0.421    -0.318     0.849
     0.543    -0.379     0.750
     0.514    -0.426     0.745
     0.458    -0.393     0.798
     0.574    -0.401     0.714
     0.530    -0.468     0.707
     0.567    -0.400     0.720
     0.560    -0.456     0.692
     0.707    -0.343     0.619
     0.454    -0.523     0.721
     0.656    -0.242     0.715
     0.604    -0.423     0.676
     0.553    -0.441     0.707
     0.713    -0.194     0.674
     0.605    -0.463     0.647
     0.551    -0.471     0.689
     0.595    -0.443     0.671
     0.643    -0.292     0.708
     0.504    -0.277     0.818
     0.569    -0.444     0.692
     0.493    -0.332     0.804
     0.563    -0.352     0.748
     0.568    -0.483     0.667
     0.571    -0.323     0.755
     0.580    -0.366     0.727
     0.611    -0.490     0.622
     0.510    -0.423     0.749
     0.418    -0.425     0.803
